Timp,ID_Legatura,FortaModul_N,FortaX_N,FortaY_N,Moment_Nm
0.0060,0,44.3485,-18.8669,-40.1352,0.0000
0.0060,1,196.1991,0.0000,-196.1991,392.3976
0.0360,0,44.3278,-18.8599,-40.1155,0.0000
0.0360,1,196.1994,0.0000,-196.1994,392.3985
0.0620,0,44.3191,-18.8664,-40.1029,0.0000
0.0620,1,196.1994,0.0000,-196.1994,392.3984
0.0940,0,44.3031,-18.8619,-40.0873,0.0000
0.0940,1,196.1994,0.0000,-196.1994,392.3985
0.1260,0,44.2907,-18.8645,-40.0725,0.0000
0.1260,1,196.1994,0.0000,-196.1994,392.3985
0.1600,0,44.2804,-18.8672,-40.0598,0.0000
0.1600,1,196.1994,0.0000,-196.1994,392.3985
0.1920,0,44.2802,-18.8597,-40.0630,0.0000
0.1920,1,196.1994,0.0000,-196.1994,392.3985
0.2260,0,44.2136,-18.8386,-39.9993,0.0000
0.2260,1,196.2011,0.0001,-196.2011,392.4029
0.2600,0,44.2687,-18.8240,-40.0671,0.0000
0.2600,1,196.1997,0.0000,-196.1997,392.3992
0.2940,0,44.2812,-18.8337,-40.0764,0.0000
0.2940,1,196.1996,0.0000,-196.1996,392.3990
0.3260,0,44.2945,-18.8392,-40.0884,0.0000
0.3260,1,196.1996,0.0000,-196.1996,392.3990
0.3600,0,44.3042,-18.8433,-40.0973,0.0000
0.3600,1,196.1996,0.0000,-196.1996,392.3989
0.3920,0,44.3114,-18.8463,-40.1038,0.0000
0.3920,1,196.1996,0.0000,-196.1996,392.3990
0.4260,0,44.3175,-18.8489,-40.1094,0.0000
0.4260,1,196.1996,0.0000,-196.1996,392.3989
0.4600,0,44.3218,-18.8507,-40.1132,0.0000
0.4600,1,196.1996,0.0000,-196.1996,392.3989
0.4940,0,44.3245,-18.8519,-40.1157,0.0000
0.4940,1,196.1996,0.0000,-196.1996,392.3990
0.5260,0,44.3272,-18.8530,-40.1181,0.0000
0.5260,1,196.1996,0.0000,-196.1996,392.3990
0.5580,0,44.3298,-18.8541,-40.1205,0.0000
0.5580,1,196.1996,0.0000,-196.1996,392.3990
0.5920,0,44.3301,-18.8542,-40.1208,0.0000
0.5920,1,196.1996,0.0000,-196.1996,392.3990
0.6260,0,44.3301,-18.8542,-40.1208,0.0000
0.6260,1,196.1996,0.0000,-196.1996,392.3990
0.6600,0,44.3301,-18.8542,-40.1208,0.0000
0.6600,1,196.1996,0.0000,-196.1996,392.3990
0.6920,0,44.3301,-18.8542,-40.1208,0.0000
0.6920,1,196.1996,0.0000,-196.1996,392.3990
0.7240,0,44.3301,-18.8542,-40.1208,0.0000
0.7240,1,196.1996,0.0000,-196.1996,392.3989
0.7620,0,44.3301,-18.8542,-40.1208,0.0000
0.7620,1,196.1996,0.0000,-196.1996,392.3990
0.7940,0,44.3301,-18.8542,-40.1208,0.0000
0.7940,1,196.1996,0.0000,-196.1996,392.3989
0.8280,0,44.3301,-18.8542,-40.1208,0.0000
0.8280,1,196.1996,0.0000,-196.1996,392.3990
0.8600,0,44.3301,-18.8542,-40.1208,0.0000
0.8600,1,196.1996,0.0000,-196.1996,392.3990
0.8920,0,44.3301,-18.8542,-40.1208,0.0000
0.8920,1,196.1996,0.0000,-196.1996,392.3990
0.9260,0,44.3301,-18.8542,-40.1208,0.0000
0.9260,1,196.1996,0.0000,-196.1996,392.3990
0.9600,0,44.3301,-18.8542,-40.1208,0.0000
0.9600,1,196.1996,0.0000,-196.1996,392.3990
0.9920,0,44.3301,-18.8542,-40.1208,0.0000
0.9920,1,196.1996,0.0000,-196.1996,392.3990
1.0240,0,44.3301,-18.8542,-40.1208,0.0000
1.0240,1,196.1996,0.0000,-196.1996,392.3990
1.0580,0,44.3301,-18.8542,-40.1208,0.0000
1.0580,1,196.1996,0.0000,-196.1996,392.3990
1.0920,0,44.3301,-18.8542,-40.1208,0.0000
1.0920,1,196.1996,0.0000,-196.1996,392.3990
1.1240,0,44.3301,-18.8542,-40.1208,0.0000
1.1240,1,196.1996,0.0000,-196.1996,392.3990
1.1580,0,44.3301,-18.8542,-40.1208,0.0000
1.1580,1,196.1996,0.0000,-196.1996,392.3990
1.1920,0,44.3301,-18.8542,-40.1208,0.0000
1.1920,1,196.1996,0.0000,-196.1996,392.3990
1.2260,0,44.3301,-18.8542,-40.1208,0.0000
1.2260,1,196.1996,0.0000,-196.1996,392.3990
1.2600,0,44.3301,-18.8542,-40.1208,0.0000
1.2600,1,196.1996,0.0000,-196.1996,392.3990
1.2960,0,44.3301,-18.8542,-40.1208,0.0000
1.2960,1,196.1996,0.0000,-196.1996,392.3990
1.3300,0,44.3301,-18.8542,-40.1208,0.0000
1.3300,1,196.1996,0.0000,-196.1996,392.3989
1.3660,0,44.3301,-18.8542,-40.1208,0.0000
1.3660,1,196.1996,0.0000,-196.1996,392.3990
1.3920,0,44.3301,-18.8542,-40.1208,0.0000
1.3920,1,196.1996,0.0000,-196.1996,392.3990
1.4260,0,44.3301,-18.8542,-40.1208,0.0000
1.4260,1,196.1996,0.0000,-196.1996,392.3990
1.4600,0,44.3301,-18.8542,-40.1208,0.0000
1.4600,1,196.1996,0.0000,-196.1996,392.3990
1.4920,0,44.3301,-18.8542,-40.1208,0.0000
1.4920,1,196.1996,0.0000,-196.1996,392.3990
1.5260,0,44.3301,-18.8542,-40.1208,0.0000
1.5260,1,196.1996,0.0000,-196.1996,392.3990
1.5580,0,44.3301,-18.8542,-40.1208,0.0000
1.5580,1,196.1996,0.0000,-196.1996,392.3990
1.5920,0,44.3301,-18.8542,-40.1208,0.0000
1.5920,1,196.1996,0.0000,-196.1996,392.3990
1.6320,0,44.3301,-18.8542,-40.1208,0.0000
1.6320,1,196.1996,0.0000,-196.1996,392.3990
1.6600,0,44.3301,-18.8542,-40.1208,0.0000
1.6600,1,196.1996,0.0000,-196.1996,392.3990
1.6940,0,44.3301,-18.8542,-40.1208,0.0000
1.6940,1,196.1996,0.0000,-196.1996,392.3990
1.7280,0,44.3301,-18.8542,-40.1208,0.0000
1.7280,1,196.1996,0.0000,-196.1996,392.3990
1.7600,0,44.3301,-18.8542,-40.1208,0.0000
1.7600,1,196.1996,0.0000,-196.1996,392.3990
1.7940,0,44.3301,-18.8542,-40.1208,0.0000
1.7940,1,196.1996,0.0000,-196.1996,392.3990
1.8260,0,44.3301,-18.8542,-40.1208,0.0000
1.8260,1,196.1996,0.0000,-196.1996,392.3990
1.8600,0,44.3301,-18.8542,-40.1208,0.0000
1.8600,1,196.1996,0.0000,-196.1996,392.3990
1.8920,0,44.3301,-18.8542,-40.1208,0.0000
1.8920,1,196.1996,0.0000,-196.1996,392.3990
1.9260,0,44.3301,-18.8542,-40.1208,0.0000
1.9260,1,196.1996,0.0000,-196.1996,392.3989
2.1220,0,44.3301,-18.8542,-40.1208,0.0000
2.1220,1,196.1996,0.0000,-196.1996,392.3990
2.2160,0,44.3301,-18.8542,-40.1208,0.0000
2.2160,1,196.1996,0.0000,-196.1996,392.3989
2.2340,0,44.3301,-18.8542,-40.1208,0.0000
2.2340,1,196.1996,0.0000,-196.1996,392.3989
2.2600,0,44.3301,-18.8542,-40.1208,0.0000
2.2600,1,196.1996,0.0000,-196.1996,392.3990
2.2940,0,44.3301,-18.8542,-40.1208,0.0000
2.2940,1,196.1996,0.0000,-196.1996,392.3990
2.3240,0,44.3301,-18.8542,-40.1208,0.0000
2.3240,1,196.1996,0.0000,-196.1996,392.3989
2.3600,0,44.3302,-18.8542,-40.1208,0.0000
2.3600,1,196.1996,0.0000,-196.1996,392.3990
2.3940,0,44.3301,-18.8542,-40.1208,0.0000
2.3940,1,196.1996,0.0000,-196.1996,392.3990
2.4240,0,44.3301,-18.8542,-40.1208,0.0000
2.4240,1,196.1996,0.0000,-196.1996,392.3990
2.4580,0,44.3301,-18.8542,-40.1208,0.0000
2.4580,1,196.1996,0.0000,-196.1996,392.3990
2.4920,0,44.3301,-18.8542,-40.1208,0.0000
2.4920,1,196.1996,0.0000,-196.1996,392.3990
2.5240,0,44.3301,-18.8542,-40.1208,0.0000
2.5240,1,196.1996,0.0000,-196.1996,392.3990
2.5580,0,44.3301,-18.8542,-40.1208,0.0000
2.5580,1,196.1996,0.0000,-196.1996,392.3989
2.5920,0,44.3301,-18.8542,-40.1208,0.0000
2.5920,1,196.1996,0.0000,-196.1996,392.3990
2.6280,0,44.3301,-18.8542,-40.1208,0.0000
2.6280,1,196.1996,0.0000,-196.1996,392.3990
2.6580,0,44.3301,-18.8542,-40.1208,0.0000
2.6580,1,196.1996,0.0000,-196.1996,392.3990
2.6920,0,44.3301,-18.8542,-40.1208,0.0000
2.6920,1,196.1996,0.0000,-196.1996,392.3990
2.7240,0,44.3301,-18.8542,-40.1208,0.0000
2.7240,1,196.1996,0.0000,-196.1996,392.3990
2.7580,0,44.3301,-18.8542,-40.1208,0.0000
2.7580,1,196.1996,0.0000,-196.1996,392.3990
2.7940,0,44.3302,-18.8542,-40.1208,0.0000
2.7940,1,196.1996,0.0000,-196.1996,392.3990
2.8240,0,44.3301,-18.8542,-40.1208,0.0000
2.8240,1,196.1996,0.0000,-196.1996,392.3990
2.8580,0,44.3301,-18.8542,-40.1208,0.0000
2.8580,1,196.1996,0.0000,-196.1996,392.3990
2.8940,0,44.3302,-18.8542,-40.1208,0.0000
2.8940,1,196.1996,0.0000,-196.1996,392.3990
2.9260,0,44.3302,-18.8542,-40.1208,0.0000
2.9260,1,196.1996,0.0000,-196.1996,392.3990
2.9580,0,44.3302,-18.8542,-40.1208,0.0000
2.9580,1,196.1996,0.0000,-196.1996,392.3990
2.9920,0,44.3302,-18.8542,-40.1208,0.0000
2.9920,1,196.1996,0.0000,-196.1996,392.3990
3.0280,0,44.3301,-18.8542,-40.1208,0.0000
3.0280,1,196.1996,0.0000,-196.1996,392.3990
3.0600,0,44.3302,-18.8542,-40.1208,0.0000
3.0600,1,196.1996,0.0000,-196.1996,392.3989
3.0940,0,44.3301,-18.8542,-40.1208,0.0000
3.0940,1,196.1996,0.0000,-196.1996,392.3989
3.1260,0,44.3301,-18.8542,-40.1208,0.0000
3.1260,1,196.1996,0.0000,-196.1996,392.3989
3.1600,0,44.3301,-18.8542,-40.1208,0.0000
3.1600,1,196.1996,0.0000,-196.1996,392.3989
3.1920,0,44.3301,-18.8542,-40.1208,0.0000
3.1920,1,196.1996,0.0000,-196.1996,392.3990
3.2240,0,44.3301,-18.8542,-40.1208,0.0000
3.2240,1,196.1996,0.0000,-196.1996,392.3990
3.2580,0,44.3301,-18.8542,-40.1208,0.0000
3.2580,1,196.1996,0.0000,-196.1996,392.3989
3.2920,0,44.3301,-18.8542,-40.1208,0.0000
3.2920,1,196.1996,0.0000,-196.1996,392.3989
3.3240,0,44.3301,-18.8542,-40.1208,0.0000
3.3240,1,196.1996,0.0000,-196.1996,392.3990
3.3580,0,44.3301,-18.8542,-40.1208,0.0000
3.3580,1,196.1996,0.0000,-196.1996,392.3989
3.3900,0,44.3302,-18.8542,-40.1208,0.0000
3.3900,1,196.1996,0.0000,-196.1996,392.3990
3.4260,0,44.3301,-18.8542,-40.1208,0.0000
3.4260,1,196.1996,0.0000,-196.1996,392.3989
3.4620,0,44.3302,-18.8542,-40.1208,0.0000
3.4620,1,196.1996,0.0000,-196.1996,392.3989
3.4940,0,44.3302,-18.8542,-40.1208,0.0000
3.4940,1,196.1996,0.0000,-196.1996,392.3990
3.5300,0,44.3301,-18.8542,-40.1208,0.0000
3.5300,1,196.1996,0.0000,-196.1996,392.3990
3.5620,0,44.3302,-18.8542,-40.1208,0.0000
3.5620,1,196.1996,0.0000,-196.1996,392.3990
3.5940,0,44.3301,-18.8542,-40.1208,0.0000
3.5940,1,196.1996,0.0000,-196.1996,392.3990
3.6280,0,44.3302,-18.8542,-40.1208,0.0000
3.6280,1,196.1996,0.0000,-196.1996,392.3990
3.6580,0,44.3302,-18.8542,-40.1208,0.0000
3.6580,1,196.1996,0.0000,-196.1996,392.3990
3.6920,0,44.3302,-18.8542,-40.1208,0.0000
3.6920,1,196.1996,0.0000,-196.1996,392.3990
3.7240,0,44.3302,-18.8542,-40.1208,0.0000
3.7240,1,196.1996,0.0000,-196.1996,392.3990
3.7620,0,44.3302,-18.8542,-40.1208,0.0000
3.7620,1,196.1996,0.0000,-196.1996,392.3990
3.7940,0,61.0978,43.8872,-42.5070,0.0000
3.7940,1,196.1988,-0.0000,-196.1988,392.3969
3.8260,0,58.9350,40.7033,-42.6213,0.0000
3.8260,1,196.2000,-0.0000,-196.2000,392.3999
3.8580,0,56.3691,36.8568,-42.6504,0.0000
3.8580,1,196.2000,-0.0000,-196.2000,392.3999
3.8940,0,53.1690,31.8018,-42.6098,0.0000
3.8940,1,196.2000,-0.0000,-196.2000,392.3999
3.9280,0,50.0460,26.3995,-42.5167,0.0000
3.9280,1,196.2000,-0.0000,-196.2000,392.3999
3.9600,0,47.2412,20.9063,-42.3634,0.0000
3.9600,1,196.2000,-0.0000,-196.2000,392.3999
3.9920,0,44.8204,15.2363,-42.1511,0.0000
3.9920,1,196.2000,-0.0000,-196.2000,392.3999
4.0260,0,42.8517,9.1477,-41.8639,0.0000
4.0260,1,196.2000,-0.0000,-196.2000,392.3999
4.0580,0,41.7470,3.2931,-41.6169,0.0000
4.0580,1,196.2000,-0.0000,-196.2000,392.3999
4.0920,0,41.6904,-3.4620,-41.5464,0.0000
4.0920,1,196.2000,-0.0000,-196.2000,392.3999
4.1260,0,43.3508,-11.2790,-41.8578,0.0000
4.1260,1,196.2000,-0.0000,-196.2000,392.3999
4.1600,0,47.3008,-20.3972,-42.6769,0.0000
4.1600,1,196.2000,-0.0000,-196.2000,392.3999
4.1940,0,53.6129,-30.6447,-43.9915,0.0000
4.1940,1,196.2000,-0.0000,-196.2000,392.3999
4.2280,0,61.6132,-41.3710,-45.6577,0.0000
4.2280,1,196.2000,-0.0000,-196.2000,392.3999
4.2600,0,69.6982,-51.1626,-47.3310,0.0000
4.2600,1,196.2000,-0.0000,-196.2000,392.3999
4.2940,0,77.9221,-60.5992,-48.9856,0.0000
4.2940,1,196.2000,-0.0000,-196.2000,392.3999
4.3260,0,84.7658,-68.2497,-50.2714,0.0000
4.3260,1,196.2000,-0.0000,-196.2000,392.3999
4.3600,0,90.8512,-75.0273,-51.2333,0.0000
4.3600,1,196.2000,-0.0000,-196.2000,392.3999
4.3940,0,95.5823,-80.3960,-51.6958,0.0000
4.3940,1,196.2000,-0.0000,-196.2000,392.3999
4.4280,0,98.6667,-84.1193,-51.5661,0.0000
4.4280,1,196.2000,-0.0000,-196.2000,392.3999
4.4620,0,56.8643,-40.6544,-39.7588,0.0000
4.4620,1,196.1988,-0.0000,-196.1988,392.3969
4.4920,0,45.8675,-27.8502,-36.4444,0.0000
4.4920,1,196.1993,-0.0000,-196.1993,392.3981
4.5260,0,36.0312,-14.2175,-33.1075,0.0000
4.5260,1,196.2000,-0.0000,-196.2000,392.3999
4.5600,0,30.1989,-0.8159,-30.1878,0.0000
4.5600,1,196.2000,-0.0000,-196.2000,392.3999
4.5940,0,30.1357,11.4456,-27.8776,0.0000
4.5940,1,196.2000,-0.0000,-196.2000,392.3999
4.6280,0,34.2148,21.9558,-26.2411,0.0000
4.6280,1,196.2000,-0.0000,-196.2000,392.3999
4.6600,0,35.3089,-5.3346,-34.9036,0.0000
4.6600,1,196.2008,0.0001,-196.2008,392.4020
4.6940,0,33.9012,1.4379,-33.8707,0.0000
4.6940,1,196.1997,0.0001,-196.1997,392.3993
4.7280,0,33.8319,7.2798,-33.0394,0.0000
4.7280,1,196.1997,0.0001,-196.1997,392.3993
4.7640,0,34.6102,11.8903,-32.5037,0.0000
4.7640,1,196.1997,0.0001,-196.1997,392.3993
4.7940,0,34.9076,11.4848,-32.9642,0.0000
4.7940,1,196.2005,0.0001,-196.2005,392.4012
4.8260,0,35.2430,11.7858,-33.2139,0.0000
4.8260,1,196.1996,0.0000,-196.1996,392.3990
4.8600,0,35.3207,10.5591,-33.7054,0.0000
4.8600,1,196.1996,0.0000,-196.1996,392.3989
4.8940,0,35.3333,7.9904,-34.4180,0.0000
4.8940,1,196.1995,0.0000,-196.1995,392.3988
4.9260,0,35.5466,4.5598,-35.2529,0.0000
4.9260,1,196.1995,0.0000,-196.1995,392.3987
4.9600,0,36.2727,0.0148,-36.2726,0.0000
4.9600,1,196.1995,0.0000,-196.1995,392.3986
4.9920,0,37.6495,-4.9307,-37.3253,0.0000
4.9920,1,196.1994,0.0000,-196.1994,392.3986
5.0260,0,39.9738,-10.7059,-38.5135,0.0000
5.0260,1,196.1994,0.0000,-196.1994,392.3985
5.0600,0,43.1697,-16.8652,-39.7390,0.0000
5.0600,1,196.1994,0.0000,-196.1994,392.3985
5.0940,0,47.5338,-23.9503,-41.0591,0.0000
5.0940,1,196.2009,0.0001,-196.2009,392.4022
5.1320,0,52.3895,-30.7514,-42.4148,0.0000
5.1320,1,196.1995,0.0000,-196.1995,392.3988
5.1660,0,56.7680,-36.4900,-43.4866,0.0000
5.1660,1,196.1995,0.0000,-196.1995,392.3988
5.1940,0,60.2454,-40.8314,-44.2979,0.0000
5.1940,1,196.1995,0.0000,-196.1995,392.3987
5.2260,0,63.8722,-45.2393,-45.0895,0.0000
5.2260,1,196.1995,0.0000,-196.1995,392.3988
5.2600,0,67.1386,-49.1027,-45.7878,0.0000
5.2600,1,196.1995,0.0000,-196.1995,392.3987
5.2940,0,69.8036,-52.2018,-46.3414,0.0000
5.2940,1,196.1995,0.0000,-196.1995,392.3988
5.3260,0,72.0650,-54.8157,-46.7825,0.0000
5.3260,1,196.1995,0.0000,-196.1995,392.3987
5.3580,0,74.1335,-57.1814,-47.1811,0.0000
5.3580,1,196.1995,0.0000,-196.1995,392.3988
5.3920,0,76.1497,-59.4664,-47.5660,0.0000
5.3920,1,196.1995,0.0000,-196.1995,392.3988
5.4280,0,78.1199,-61.6798,-47.9407,0.0000
5.4280,1,196.1995,0.0000,-196.1995,392.3988
5.4600,0,79.7614,-63.5105,-48.2524,0.0000
5.4600,1,196.1995,0.0000,-196.1995,392.3987
5.4940,0,81.4234,-65.3523,-48.5681,0.0000
5.4940,1,196.1995,0.0000,-196.1995,392.3987
5.5260,0,82.9357,-67.0180,-48.8561,0.0000
5.5260,1,196.1996,0.0000,-196.1996,392.3988
5.5620,0,84.6017,-68.8419,-49.1757,0.0000
5.5620,1,196.1995,0.0000,-196.1995,392.3987
5.5920,0,85.9737,-70.3363,-49.4398,0.0000
5.5920,1,196.1995,0.0000,-196.1995,392.3987
5.6260,0,87.5183,-72.0109,-49.7381,0.0000
5.6260,1,196.1995,0.0000,-196.1995,392.3987
5.6600,0,89.0522,-73.6663,-50.0357,0.0000
5.6600,1,196.1995,0.0000,-196.1995,392.3987
5.6940,0,90.5667,-75.2940,-50.3304,0.0000
5.6940,1,196.1995,0.0000,-196.1995,392.3987
5.7260,0,91.9591,-76.7848,-50.6019,0.0000
5.7260,1,196.1995,0.0000,-196.1995,392.3987
5.7580,0,93.2983,-78.2143,-50.8633,0.0000
5.7580,1,196.1995,0.0000,-196.1995,392.3987
5.7920,0,94.6330,-79.6355,-51.1234,0.0000
5.7920,1,196.1995,0.0000,-196.1995,392.3987
5.8240,0,95.7760,-80.8493,-51.3461,0.0000
5.8240,1,196.1995,0.0000,-196.1995,392.3987
5.8600,0,96.8887,-82.0291,-51.5622,0.0000
5.8600,1,196.1995,0.0000,-196.1995,392.3987
5.8920,0,97.6877,-82.8753,-51.7163,0.0000
5.8920,1,196.1995,0.0000,-196.1995,392.3987
5.9260,0,98.3043,-83.5285,-51.8337,0.0000
5.9260,1,196.1995,0.0000,-196.1995,392.3987
5.9600,0,98.6490,-83.8948,-51.8968,0.0000
5.9600,1,196.1995,0.0000,-196.1995,392.3987
5.9940,0,98.6968,-83.9475,-51.9026,0.0000
5.9940,1,196.1995,0.0000,-196.1995,392.3986
6.0260,0,98.4515,-83.6915,-51.8501,0.0000
6.0260,1,196.1995,0.0000,-196.1995,392.3987
6.0600,0,97.8746,-83.0850,-51.7330,0.0000
6.0600,1,196.1995,0.0000,-196.1995,392.3987
6.0920,0,97.0321,-82.1972,-51.5640,0.0000
6.0920,1,196.1995,0.0000,-196.1995,392.3987
6.1260,0,95.8264,-80.9236,-51.3231,0.0000
6.1260,1,196.1995,0.0000,-196.1995,392.3987
6.1600,0,94.4770,-79.4928,-51.0568,0.0000
6.1600,1,196.1995,0.0000,-196.1995,392.3987
6.1920,0,93.1569,-78.0860,-50.8014,0.0000
6.1920,1,196.1995,0.0000,-196.1995,392.3987
6.2260,0,91.5605,-76.3810,-50.4903,0.0000
6.2260,1,196.1995,0.0000,-196.1995,392.3987
6.2600,0,89.7911,-74.4857,-50.1430,0.0000
6.2600,1,196.1995,0.0000,-196.1995,392.3987
6.2920,0,87.9950,-72.5552,-49.7882,0.0000
6.2920,1,196.1995,0.0000,-196.1995,392.3987
6.3280,0,85.8564,-70.2466,-49.3633,0.0000
6.3280,1,196.1995,0.0000,-196.1995,392.3987
6.3620,0,83.7548,-67.9664,-48.9431,0.0000
6.3620,1,196.1995,0.0000,-196.1995,392.3987
6.3920,0,81.8602,-65.9000,-48.5622,0.0000
6.3920,1,196.1995,0.0000,-196.1995,392.3987
6.4280,0,79.5695,-63.3846,-48.1009,0.0000
6.4280,1,196.1995,0.0000,-196.1995,392.3987
6.4600,0,77.5400,-61.1405,-47.6895,0.0000
6.4600,1,196.1995,0.0000,-196.1995,392.3987
6.4920,0,75.5381,-58.9111,-47.2810,0.0000
6.4920,1,196.1995,0.0000,-196.1995,392.3988
6.5260,0,73.4612,-56.5794,-46.8542,0.0000
6.5260,1,196.1995,0.0000,-196.1995,392.3988
6.5600,0,71.4534,-54.3052,-46.4385,0.0000
6.5600,1,196.1995,0.0000,-196.1995,392.3987
6.5920,0,69.6394,-52.2313,-46.0600,0.0000
6.5920,1,196.1995,0.0000,-196.1995,392.3987
6.6260,0,67.8024,-50.1105,-45.6738,0.0000
6.6260,1,196.1995,0.0000,-196.1995,392.3987
6.6580,0,66.1646,-48.2001,-45.3266,0.0000
6.6580,1,196.1995,0.0000,-196.1995,392.3987
6.6920,0,64.5255,-46.2674,-44.9763,0.0000
6.6920,1,196.1995,0.0000,-196.1995,392.3987
6.7260,0,62.9918,-44.4379,-44.6457,0.0000
6.7260,1,196.1995,0.0000,-196.1995,392.3987
6.7600,0,61.5627,-42.7128,-44.3348,0.0000
6.7600,1,196.1996,0.0000,-196.1996,392.3988
6.7920,0,60.3098,-41.1831,-44.0594,0.0000
6.7920,1,196.1996,0.0000,-196.1996,392.3988
6.8260,0,59.0718,-39.6544,-43.7836,0.0000
6.8260,1,196.1996,0.0000,-196.1996,392.3988
6.8580,0,57.9913,-38.3040,-43.5407,0.0000
6.8580,1,196.1995,0.0000,-196.1995,392.3988
6.8920,0,56.9275,-36.9581,-43.2994,0.0000
6.8920,1,196.1995,0.0000,-196.1995,392.3988
6.9240,0,56.0003,-35.7705,-43.0872,0.0000
6.9240,1,196.1995,0.0000,-196.1995,392.3988
6.9600,0,55.0360,-34.5195,-42.8644,0.0000
6.9600,1,196.1995,0.0000,-196.1995,392.3988
6.9940,0,54.1952,-33.4144,-42.6685,0.0000
6.9940,1,196.1995,0.0000,-196.1995,392.3988
7.0260,0,53.4602,-32.4363,-42.4956,0.0000
7.0260,1,196.1995,0.0000,-196.1995,392.3988
7.0600,0,52.7333,-31.4574,-42.3229,0.0000
7.0600,1,196.1995,0.0000,-196.1995,392.3987
7.0920,0,52.0933,-30.5870,-42.1681,0.0000
7.0920,1,196.1995,0.0000,-196.1995,392.3987
7.1280,0,51.4214,-29.6621,-42.0038,0.0000
7.1280,1,196.1995,0.0000,-196.1995,392.3988
7.1600,0,50.8628,-28.8838,-41.8659,0.0000
7.1600,1,196.1995,0.0000,-196.1995,392.3988
7.1940,0,50.3054,-28.0979,-41.7270,0.0000
7.1940,1,196.1996,0.0000,-196.1996,392.3989
7.2280,0,49.7816,-27.3506,-41.5951,0.0000
7.2280,1,196.1995,0.0000,-196.1995,392.3988
7.2600,0,49.3166,-26.6795,-41.4769,0.0000
7.2600,1,196.1995,0.0000,-196.1995,392.3988
7.2920,0,48.8764,-26.0371,-41.3639,0.0000
7.2920,1,196.1995,0.0000,-196.1995,392.3988
7.3240,0,48.4592,-25.4215,-41.2558,0.0000
7.3240,1,196.1995,0.0000,-196.1995,392.3988
7.3580,0,48.0392,-24.7949,-41.1458,0.0000
7.3580,1,196.1995,0.0000,-196.1995,392.3988
7.3920,0,47.6419,-24.1953,-41.0407,0.0000
7.3920,1,196.1996,0.0000,-196.1996,392.3989
7.4260,0,47.2660,-23.6215,-40.9402,0.0000
7.4260,1,196.1995,0.0000,-196.1995,392.3988
7.4600,0,46.9106,-23.0728,-40.8442,0.0000
7.4600,1,196.1995,0.0000,-196.1995,392.3988
7.4940,0,46.5735,-22.5480,-40.7514,0.0000
7.4940,1,196.1996,0.0000,-196.1996,392.3989
7.5300,0,46.2365,-22.0186,-40.6571,0.0000
7.5300,1,196.1995,0.0000,-196.1995,392.3988
7.5600,0,45.9722,-21.5987,-40.5825,0.0000
7.5600,1,196.1995,0.0000,-196.1995,392.3988
7.5940,0,45.6900,-21.1461,-40.5021,0.0000
7.5940,1,196.1995,0.0000,-196.1995,392.3988
7.6260,0,45.4409,-20.7431,-40.4301,0.0000
7.6260,1,196.1995,0.0000,-196.1995,392.3988
7.6600,0,45.1940,-20.3400,-40.3582,0.0000
7.6600,1,196.1995,0.0000,-196.1995,392.3988
7.6920,0,44.9782,-19.9847,-40.2945,0.0000
7.6920,1,196.1995,0.0000,-196.1995,392.3988
7.7260,0,44.7669,-19.6338,-40.2317,0.0000
7.7260,1,196.1995,0.0000,-196.1995,392.3988
7.7600,0,44.5742,-19.3108,-40.1740,0.0000
7.7600,1,196.1995,0.0000,-196.1995,392.3988
7.7920,0,44.4099,-19.0334,-40.1245,0.0000
7.7920,1,196.1996,0.0000,-196.1996,392.3989
7.8240,0,44.2623,-18.7821,-40.0798,0.0000
7.8240,1,196.1995,0.0000,-196.1995,392.3988
7.8580,0,44.1239,-18.5446,-40.0377,0.0000
7.8580,1,196.1995,0.0000,-196.1995,392.3988
7.8940,0,43.9981,-18.3271,-39.9993,0.0000
7.8940,1,196.1995,0.0000,-196.1995,392.3988
7.9280,0,43.8990,-18.1544,-39.9692,0.0000
7.9280,1,196.1995,0.0000,-196.1995,392.3987
7.9620,0,43.8192,-18.0141,-39.9451,0.0000
7.9620,1,196.1995,0.0000,-196.1995,392.3988
7.9940,0,43.7618,-17.9122,-39.9280,0.0000
7.9940,1,196.1995,0.0000,-196.1995,392.3988
8.0240,0,43.7238,-17.8436,-39.9172,0.0000
8.0240,1,196.1995,0.0000,-196.1995,392.3988
8.0600,0,43.6983,-17.7959,-39.9105,0.0000
8.0600,1,196.1995,0.0000,-196.1995,392.3988
8.0920,0,43.6941,-17.7855,-39.9106,0.0000
8.0920,1,196.1995,0.0000,-196.1995,392.3988
8.1260,0,43.7084,-17.8073,-39.9165,0.0000
8.1260,1,196.1995,0.0000,-196.1995,392.3988
8.1580,0,43.7384,-17.8584,-39.9265,0.0000
8.1580,1,196.1995,0.0000,-196.1995,392.3988
8.1920,0,43.7895,-17.9457,-39.9434,0.0000
8.1920,1,196.1995,0.0000,-196.1995,392.3988
8.2260,0,43.8605,-18.0669,-39.9667,0.0000
8.2260,1,196.1995,0.0000,-196.1995,392.3988
8.2600,0,43.9511,-18.2215,-39.9960,0.0000
8.2600,1,196.1995,0.0000,-196.1995,392.3988
8.2920,0,44.0546,-18.3973,-40.0293,0.0000
8.2920,1,196.1995,0.0000,-196.1995,392.3988
8.3260,0,44.1838,-18.6159,-40.0706,0.0000
8.3260,1,196.1995,0.0000,-196.1995,392.3988
8.3620,0,44.3418,-18.8820,-40.1207,0.0000
8.3620,1,196.1996,0.0000,-196.1996,392.3988
8.3920,0,44.4234,-19.0203,-40.1456,0.0000
8.3920,1,196.1996,0.0000,-196.1996,392.3989
8.4240,0,44.4225,-19.0284,-40.1408,0.0000
8.4240,1,196.1995,0.0000,-196.1995,392.3988
8.4600,0,44.4220,-19.0372,-40.1360,0.0000
8.4600,1,196.1995,0.0000,-196.1995,392.3988
8.4920,0,44.4233,-19.0458,-40.1334,0.0000
8.4920,1,196.1995,0.0000,-196.1995,392.3988
8.5240,0,44.4260,-19.0550,-40.1320,0.0000
8.5240,1,196.1995,0.0000,-196.1995,392.3988
8.5600,0,44.4304,-19.0659,-40.1317,0.0000
8.5600,1,196.1995,0.0000,-196.1995,392.3988
8.5920,0,44.4341,-19.0755,-40.1312,0.0000
8.5920,1,196.1995,0.0000,-196.1995,392.3988
8.6260,0,44.4382,-19.0858,-40.1309,0.0000
8.6260,1,196.1995,0.0000,-196.1995,392.3988
8.6580,0,44.4446,-19.0966,-40.1329,0.0000
8.6580,1,196.1996,0.0000,-196.1996,392.3988
8.6920,0,44.4515,-19.1080,-40.1350,0.0000
8.6920,1,196.1995,0.0000,-196.1995,392.3988
8.7260,0,44.4584,-19.1195,-40.1372,0.0000
8.7260,1,196.1995,0.0000,-196.1995,392.3988
8.7580,0,44.4649,-19.1303,-40.1392,0.0000
8.7580,1,196.1995,0.0000,-196.1995,392.3988
8.7940,0,44.4722,-19.1424,-40.1415,0.0000
8.7940,1,196.1995,0.0000,-196.1995,392.3988
8.8260,0,44.4787,-19.1532,-40.1436,0.0000
8.8260,1,196.1995,0.0000,-196.1995,392.3988
8.8600,0,44.4855,-19.1647,-40.1457,0.0000
8.8600,1,196.1995,0.0000,-196.1995,392.3988
8.8920,0,44.4920,-19.1755,-40.1477,0.0000
8.8920,1,196.1995,0.0000,-196.1995,392.3988
8.9280,0,44.4993,-19.1876,-40.1500,0.0000
8.9280,1,196.1995,0.0000,-196.1995,392.3988
8.9580,0,44.5054,-19.1978,-40.1519,0.0000
8.9580,1,196.1996,0.0000,-196.1996,392.3989
8.9920,0,44.5123,-19.2092,-40.1541,0.0000
8.9920,1,196.1995,0.0000,-196.1995,392.3988
9.0260,0,44.5192,-19.2207,-40.1562,0.0000
9.0260,1,196.1995,0.0000,-196.1995,392.3988
9.0600,0,44.5261,-19.2321,-40.1584,0.0000
9.0600,1,196.1995,0.0000,-196.1995,392.3988
9.0920,0,44.5325,-19.2429,-40.1604,0.0000
9.0920,1,196.1995,0.0000,-196.1995,392.3988
9.1260,0,44.5395,-19.2544,-40.1626,0.0000
9.1260,1,196.1995,0.0000,-196.1995,392.3988
9.1600,0,44.5464,-19.2659,-40.1647,0.0000
9.1600,1,196.1995,0.0000,-196.1995,392.3988
9.1920,0,44.5529,-19.2767,-40.1667,0.0000
9.1920,1,196.1995,0.0000,-196.1995,392.3988
9.2240,0,44.5594,-19.2875,-40.1688,0.0000
9.2240,1,196.1995,0.0000,-196.1995,392.3988
9.2580,0,44.5663,-19.2989,-40.1709,0.0000
9.2580,1,196.1995,0.0000,-196.1995,392.3988
9.2920,0,44.5732,-19.3104,-40.1731,0.0000
9.2920,1,196.1995,0.0000,-196.1995,392.3988
9.3260,0,44.5801,-19.3219,-40.1753,0.0000
9.3260,1,196.1995,0.0000,-196.1995,392.3988
9.3600,0,44.5870,-19.3334,-40.1774,0.0000
9.3600,1,196.1995,0.0000,-196.1995,392.3988
9.3920,0,44.5935,-19.3441,-40.1794,0.0000
9.3920,1,196.1995,0.0000,-196.1995,392.3988
9.4260,0,44.6003,-19.3554,-40.1816,0.0000
9.4260,1,196.1995,0.0000,-196.1995,392.3988
9.4600,0,44.6068,-19.3662,-40.1836,0.0000
9.4600,1,196.1995,0.0000,-196.1995,392.3988
9.4920,0,44.6129,-19.3763,-40.1855,0.0000
9.4920,1,196.1995,0.0000,-196.1995,392.3988
9.5260,0,44.6194,-19.3870,-40.1875,0.0000
9.5260,1,196.1995,0.0000,-196.1995,392.3988
9.5580,0,44.6255,-19.3971,-40.1894,0.0000
9.5580,1,196.1995,0.0000,-196.1995,392.3988
9.5920,0,44.6320,-19.4078,-40.1914,0.0000
9.5920,1,196.1995,0.0000,-196.1995,392.3988
9.6280,0,44.6388,-19.4192,-40.1935,0.0000
9.6280,1,196.1995,0.0000,-196.1995,392.3988
9.6600,0,44.6450,-19.4293,-40.1954,0.0000
9.6600,1,196.1995,0.0000,-196.1995,392.3988
9.6960,0,44.6518,-19.4406,-40.1976,0.0000
9.6960,1,196.1995,0.0000,-196.1995,392.3988
9.7260,0,44.6576,-19.4501,-40.1994,0.0000
9.7260,1,196.1996,0.0000,-196.1996,392.3988
9.7640,0,44.6648,-19.4621,-40.2016,0.0000
9.7640,1,196.1996,0.0000,-196.1996,392.3988
9.7960,0,44.6709,-19.4722,-40.2035,0.0000
9.7960,1,196.1996,0.0000,-196.1996,392.3988
9.8260,0,44.6766,-19.4816,-40.2053,0.0000
9.8260,1,196.1995,0.0000,-196.1995,392.3988
9.8580,0,44.6827,-19.4917,-40.2072,0.0000
9.8580,1,196.1995,0.0000,-196.1995,392.3988
9.8920,0,44.6892,-19.5025,-40.2092,0.0000
9.8920,1,196.1995,0.0000,-196.1995,392.3988
9.9240,0,44.6953,-19.5126,-40.2111,0.0000
9.9240,1,196.1995,0.0000,-196.1995,392.3988
9.9600,0,44.7022,-19.5239,-40.2132,0.0000
9.9600,1,196.1996,0.0000,-196.1996,392.3988
9.9920,0,44.7083,-19.5340,-40.2151,0.0000
9.9920,1,196.1995,0.0000,-196.1995,392.3988
10.0240,0,44.7145,-19.5441,-40.2170,0.0000
10.0240,1,196.1995,0.0000,-196.1995,392.3988
10.0580,0,44.7210,-19.5549,-40.2191,0.0000
10.0580,1,196.1995,0.0000,-196.1995,392.3988
10.0920,0,44.7275,-19.5656,-40.2211,0.0000
10.0920,1,196.1995,0.0000,-196.1995,392.3988
10.1260,0,44.7340,-19.5763,-40.2231,0.0000
10.1260,1,196.1995,0.0000,-196.1995,392.3988
10.1620,0,44.7409,-19.5877,-40.2252,0.0000
10.1620,1,196.1996,0.0000,-196.1996,392.3989
10.1940,0,44.7470,-19.5978,-40.2271,0.0000
10.1940,1,196.1995,0.0000,-196.1995,392.3988
10.2280,0,44.7535,-19.6086,-40.2292,0.0000
10.2280,1,196.1995,0.0000,-196.1995,392.3988
10.2580,0,44.7593,-19.6180,-40.2309,0.0000
10.2580,1,196.1995,0.0000,-196.1995,392.3988
10.2960,0,44.7666,-19.6300,-40.2332,0.0000
10.2960,1,196.1995,0.0000,-196.1995,392.3988
10.3240,0,44.7720,-19.6389,-40.2349,0.0000
10.3240,1,196.1995,0.0000,-196.1995,392.3988
10.3620,0,44.7792,-19.6508,-40.2371,0.0000
10.3620,1,196.1995,0.0000,-196.1995,392.3988
10.3920,0,44.7850,-19.6603,-40.2389,0.0000
10.3920,1,196.1996,0.0000,-196.1996,392.3989
10.4280,0,44.7919,-19.6717,-40.2410,0.0000
10.4280,1,196.1995,0.0000,-196.1995,392.3988
10.4600,0,44.7980,-19.6818,-40.2429,0.0000
10.4600,1,196.1995,0.0000,-196.1995,392.3988
10.4960,0,44.8050,-19.6931,-40.2451,0.0000
10.4960,1,196.1995,0.0000,-196.1995,392.3988
10.5260,0,44.8107,-19.7026,-40.2468,0.0000
10.5260,1,196.1995,0.0000,-196.1995,392.3988
10.5580,0,44.8169,-19.7127,-40.2487,0.0000
10.5580,1,196.1995,0.0000,-196.1995,392.3988
10.5920,0,44.8234,-19.7234,-40.2507,0.0000
10.5920,1,196.1995,0.0000,-196.1995,392.3988
10.6260,0,44.8299,-19.7342,-40.2528,0.0000
10.6260,1,196.1995,0.0000,-196.1995,392.3988
10.6600,0,44.8365,-19.7449,-40.2548,0.0000
10.6600,1,196.1995,0.0000,-196.1995,392.3988
10.6920,0,44.8426,-19.7550,-40.2567,0.0000
10.6920,1,196.1995,0.0000,-196.1995,392.3988
10.7240,0,44.8488,-19.7651,-40.2586,0.0000
10.7240,1,196.1996,0.0000,-196.1996,392.3988
10.7600,0,44.8557,-19.7765,-40.2607,0.0000
10.7600,1,196.1996,0.0000,-196.1996,392.3988
10.7940,0,44.8623,-19.7872,-40.2627,0.0000
10.7940,1,196.1995,0.0000,-196.1995,392.3988
10.8280,0,44.8688,-19.7980,-40.2648,0.0000
10.8280,1,196.1995,0.0000,-196.1995,392.3988
10.8600,0,44.8750,-19.8081,-40.2667,0.0000
10.8600,1,196.1995,0.0000,-196.1995,392.3988
10.8920,0,44.8811,-19.8182,-40.2686,0.0000
10.8920,1,196.1995,0.0000,-196.1995,392.3988
10.9280,0,44.8881,-19.8296,-40.2707,0.0000
10.9280,1,196.1995,0.0000,-196.1995,392.3988
10.9580,0,44.8939,-19.8390,-40.2725,0.0000
10.9580,1,196.1995,0.0000,-196.1995,392.3988
10.9960,0,44.9012,-19.8511,-40.2747,0.0000
10.9960,1,196.1995,0.0000,-196.1995,392.3988
11.0280,0,44.9074,-19.8612,-40.2766,0.0000
11.0280,1,196.1995,0.0000,-196.1995,392.3988
11.0620,0,44.9139,-19.8719,-40.2786,0.0000
11.0620,1,196.1995,0.0000,-196.1995,392.3988
11.0960,0,44.9205,-19.8826,-40.2807,0.0000
11.0960,1,196.1995,0.0000,-196.1995,392.3988
11.1240,0,44.9259,-19.8915,-40.2823,0.0000
11.1240,1,196.1995,0.0000,-196.1995,392.3988
11.1620,0,44.9332,-19.9035,-40.2846,0.0000
11.1620,1,196.1996,0.0000,-196.1996,392.3989
11.1940,0,44.9394,-19.9136,-40.2865,0.0000
11.1940,1,196.1995,0.0000,-196.1995,392.3988
11.2280,0,44.9460,-19.9243,-40.2885,0.0000
11.2280,1,196.1995,0.0000,-196.1995,392.3988
11.2580,0,44.9518,-19.9338,-40.2903,0.0000
11.2580,1,196.1995,0.0000,-196.1995,392.3988
11.2940,0,44.9587,-19.9452,-40.2924,0.0000
11.2940,1,196.1996,0.0000,-196.1996,392.3988
11.3260,0,44.9649,-19.9553,-40.2943,0.0000
11.3260,1,196.1995,0.0000,-196.1995,392.3988
11.3600,0,44.9715,-19.9660,-40.2963,0.0000
11.3600,1,196.1995,0.0000,-196.1995,392.3988
11.3940,0,44.9781,-19.9768,-40.2984,0.0000
11.3940,1,196.1996,0.0000,-196.1996,392.3989
11.4300,0,44.9851,-19.9881,-40.3005,0.0000
11.4300,1,196.1995,0.0000,-196.1995,392.3988
11.4640,0,44.9916,-19.9987,-40.3025,0.0000
11.4640,1,196.1995,0.0000,-196.1995,392.3988
11.4960,0,44.9976,-20.0087,-40.3044,0.0000
11.4960,1,196.1995,0.0000,-196.1995,392.3988
11.5320,0,45.0045,-20.0199,-40.3065,0.0000
11.5320,1,196.1995,0.0000,-196.1995,392.3988
11.5620,0,45.0103,-20.0292,-40.3082,0.0000
11.5620,1,196.1995,0.0000,-196.1995,392.3988
11.5960,0,45.0167,-20.0398,-40.3102,0.0000
11.5960,1,196.1996,0.0000,-196.1996,392.3988
11.6300,0,45.0232,-20.0504,-40.3122,0.0000
11.6300,1,196.1995,0.0000,-196.1995,392.3988
11.6620,0,45.0294,-20.0604,-40.3141,0.0000
11.6620,1,196.1995,0.0000,-196.1995,392.3988
11.6960,0,45.0358,-20.0710,-40.3161,0.0000
11.6960,1,196.1995,0.0000,-196.1995,392.3988
11.7300,0,45.0424,-20.0816,-40.3180,0.0000
11.7300,1,196.1995,0.0000,-196.1995,392.3988
11.7620,0,45.0485,-20.0915,-40.3199,0.0000
11.7620,1,196.1995,0.0000,-196.1995,392.3988
11.7960,0,45.0550,-20.1021,-40.3219,0.0000
11.7960,1,196.1996,0.0000,-196.1996,392.3988
11.8280,0,45.0611,-20.1121,-40.3238,0.0000
11.8280,1,196.1995,0.0000,-196.1995,392.3988
11.8620,0,45.0676,-20.1226,-40.3258,0.0000
11.8620,1,196.1995,0.0000,-196.1995,392.3988
11.8960,0,45.0739,-20.1329,-40.3277,0.0000
11.8960,1,196.1995,0.0000,-196.1995,392.3988
11.9300,0,45.0799,-20.1427,-40.3295,0.0000
11.9300,1,196.1996,0.0000,-196.1996,392.3988
11.9620,0,45.0856,-20.1519,-40.3313,0.0000
11.9620,1,196.1995,0.0000,-196.1995,392.3988
11.9980,0,45.0920,-20.1624,-40.3332,0.0000
11.9980,1,196.1995,0.0000,-196.1995,392.3988
12.0300,0,45.0977,-20.1717,-40.3350,0.0000
12.0300,1,196.1995,0.0000,-196.1995,392.3988
12.0620,0,45.1034,-20.1809,-40.3367,0.0000
12.0620,1,196.1995,0.0000,-196.1995,392.3988
12.0940,0,45.1091,-20.1902,-40.3384,0.0000
12.0940,1,196.1995,0.0000,-196.1995,392.3988
12.1240,0,45.1145,-20.1989,-40.3401,0.0000
12.1240,1,196.1996,0.0000,-196.1996,392.3989
12.1580,0,45.1205,-20.2087,-40.3419,0.0000
12.1580,1,196.1995,0.0000,-196.1995,392.3988
12.1920,0,45.1266,-20.2185,-40.3438,0.0000
12.1920,1,196.1995,0.0000,-196.1995,392.3988
12.2240,0,45.1323,-20.2278,-40.3455,0.0000
12.2240,1,196.1995,0.0000,-196.1995,392.3988
12.2600,0,45.1387,-20.2382,-40.3475,0.0000
12.2600,1,196.1995,0.0000,-196.1995,392.3988
12.2940,0,45.1448,-20.2481,-40.3493,0.0000
12.2940,1,196.1996,0.0000,-196.1996,392.3989
12.3240,0,45.1501,-20.2567,-40.3510,0.0000
12.3240,1,196.1995,0.0000,-196.1995,392.3988
12.3640,0,45.1573,-20.2683,-40.3531,0.0000
12.3640,1,196.1995,0.0000,-196.1995,392.3988
12.3940,0,45.1626,-20.2770,-40.3548,0.0000
12.3940,1,196.1995,0.0000,-196.1995,392.3988
12.4260,0,45.1683,-20.2863,-40.3565,0.0000
12.4260,1,196.1995,0.0000,-196.1995,392.3988
12.4640,0,45.1752,-20.2973,-40.3586,0.0000
12.4640,1,196.1995,0.0000,-196.1995,392.3988
12.4980,0,45.1812,-20.3071,-40.3604,0.0000
12.4980,1,196.1995,0.0000,-196.1995,392.3988
12.5280,0,45.1866,-20.3158,-40.3620,0.0000
12.5280,1,196.1996,0.0000,-196.1996,392.3988
12.5620,0,45.1927,-20.3257,-40.3639,0.0000
12.5620,1,196.1996,0.0000,-196.1996,392.3988
12.5920,0,45.1980,-20.3343,-40.3655,0.0000
12.5920,1,196.1996,0.0000,-196.1996,392.3989
12.6280,0,45.2045,-20.3448,-40.3675,0.0000
12.6280,1,196.1995,0.0000,-196.1995,392.3988
12.6620,0,45.2105,-20.3546,-40.3693,0.0000
12.6620,1,196.1995,0.0000,-196.1995,392.3988
12.6960,0,45.2166,-20.3644,-40.3712,0.0000
12.6960,1,196.1995,0.0000,-196.1995,392.3988
12.7240,0,45.2216,-20.3725,-40.3727,0.0000
12.7240,1,196.1995,0.0000,-196.1995,392.3988
12.7600,0,45.2281,-20.3829,-40.3747,0.0000
12.7600,1,196.1995,0.0000,-196.1995,392.3988
12.7940,0,45.2342,-20.3928,-40.3765,0.0000
12.7940,1,196.1995,0.0000,-196.1995,392.3987
12.8240,0,45.2396,-20.4015,-40.3782,0.0000
12.8240,1,196.1996,0.0000,-196.1996,392.3988
12.8580,0,45.2457,-20.4114,-40.3800,0.0000
12.8580,1,196.1996,0.0000,-196.1996,392.3988
12.8920,0,45.2517,-20.4212,-40.3818,0.0000
12.8920,1,196.1995,0.0000,-196.1995,392.3988
12.9280,0,45.2582,-20.4316,-40.3838,0.0000
12.9280,1,196.1996,0.0000,-196.1996,392.3989
12.9560,0,45.2632,-20.4397,-40.3853,0.0000
12.9560,1,196.1995,0.0000,-196.1995,392.3988
12.9920,0,45.2697,-20.4502,-40.3873,0.0000
12.9920,1,196.1996,0.0000,-196.1996,392.3988
13.0240,0,45.2754,-20.4594,-40.3890,0.0000
13.0240,1,196.1995,0.0000,-196.1995,392.3988
13.0580,0,45.2815,-20.4693,-40.3909,0.0000
13.0580,1,196.1995,0.0000,-196.1995,392.3988
13.0920,0,45.2876,-20.4791,-40.3927,0.0000
13.0920,1,196.1995,0.0000,-196.1995,392.3988
13.1280,0,45.2941,-20.4895,-40.3947,0.0000
13.1280,1,196.1995,0.0000,-196.1995,392.3988
13.1580,0,45.2995,-20.4983,-40.3963,0.0000
13.1580,1,196.1995,0.0000,-196.1995,392.3988
13.1920,0,45.3056,-20.5081,-40.3982,0.0000
13.1920,1,196.1995,0.0000,-196.1995,392.3988
13.2240,0,45.3113,-20.5174,-40.3999,0.0000
13.2240,1,196.1995,0.0000,-196.1995,392.3988
13.2600,0,45.3178,-20.5278,-40.4019,0.0000
13.2600,1,196.1995,0.0000,-196.1995,392.3988
13.2920,0,45.3235,-20.5370,-40.4036,0.0000
13.2920,1,196.1995,0.0000,-196.1995,392.3988
13.3240,0,45.3293,-20.5463,-40.4053,0.0000
13.3240,1,196.1995,0.0000,-196.1995,392.3988
13.3580,0,45.3354,-20.5562,-40.4072,0.0000
13.3580,1,196.1995,0.0000,-196.1995,392.3988
13.3940,0,45.3419,-20.5666,-40.4092,0.0000
13.3940,1,196.1995,0.0000,-196.1995,392.3988
13.4240,0,45.3473,-20.5753,-40.4108,0.0000
13.4240,1,196.1995,0.0000,-196.1995,392.3988
13.4600,0,45.3537,-20.5857,-40.4127,0.0000
13.4600,1,196.1995,0.0000,-196.1995,392.3988
13.4920,0,45.3595,-20.5950,-40.4145,0.0000
13.4920,1,196.1995,0.0000,-196.1995,392.3988
13.5280,0,45.3660,-20.6054,-40.4164,0.0000
13.5280,1,196.1995,0.0000,-196.1995,392.3988
13.5600,0,45.3717,-20.6147,-40.4182,0.0000
13.5600,1,196.1995,0.0000,-196.1995,392.3988
13.5940,0,45.3779,-20.6245,-40.4200,0.0000
13.5940,1,196.1995,0.0000,-196.1995,392.3988
13.6240,0,45.3833,-20.6332,-40.4217,0.0000
13.6240,1,196.1995,0.0000,-196.1995,392.3988
13.6600,0,45.3898,-20.6437,-40.4236,0.0000
13.6600,1,196.1995,0.0000,-196.1995,392.3988
13.6940,0,45.3959,-20.6535,-40.4255,0.0000
13.6940,1,196.1995,0.0000,-196.1995,392.3988
13.7280,0,45.4020,-20.6633,-40.4273,0.0000
13.7280,1,196.1995,0.0000,-196.1995,392.3988
13.7560,0,45.4071,-20.6715,-40.4289,0.0000
13.7560,1,196.1995,0.0000,-196.1995,392.3988
13.7900,0,45.4132,-20.6813,-40.4307,0.0000
13.7900,1,196.1995,0.0000,-196.1995,392.3988
13.8260,0,45.4197,-20.6917,-40.4327,0.0000
13.8260,1,196.1995,0.0000,-196.1995,392.3988
13.8560,0,45.4251,-20.7005,-40.4343,0.0000
13.8560,1,196.1996,0.0000,-196.1996,392.3988
13.8940,0,45.4320,-20.7115,-40.4364,0.0000
13.8940,1,196.1995,0.0000,-196.1995,392.3988
13.9240,0,45.4374,-20.7202,-40.4380,0.0000
13.9240,1,196.1995,0.0000,-196.1995,392.3988
13.9620,0,45.4443,-20.7312,-40.4401,0.0000
13.9620,1,196.1995,0.0000,-196.1995,392.3988
13.9920,0,45.4497,-20.7399,-40.4417,0.0000
13.9920,1,196.1995,0.0000,-196.1995,392.3988
14.0260,0,45.4558,-20.7498,-40.4436,0.0000
14.0260,1,196.1995,0.0000,-196.1995,392.3988
14.0620,0,45.4623,-20.7602,-40.4455,0.0000
14.0620,1,196.1995,0.0000,-196.1995,392.3988
14.0920,0,45.4678,-20.7689,-40.4472,0.0000
14.0920,1,196.1995,0.0000,-196.1995,392.3988
14.1280,0,45.4743,-20.7794,-40.4491,0.0000
14.1280,1,196.1996,0.0000,-196.1996,392.3988
14.1600,0,45.4801,-20.7887,-40.4509,0.0000
14.1600,1,196.1995,0.0000,-196.1995,392.3988
14.1920,0,45.4859,-20.7980,-40.4526,0.0000
14.1920,1,196.1995,0.0000,-196.1995,392.3988
14.2240,0,45.4917,-20.8073,-40.4544,0.0000
14.2240,1,196.1995,0.0000,-196.1995,392.3988
14.2600,0,45.4983,-20.8178,-40.4563,0.0000
14.2600,1,196.1995,0.0000,-196.1995,392.3987
14.2920,0,45.5041,-20.8271,-40.4581,0.0000
14.2920,1,196.1995,0.0000,-196.1995,392.3988
14.3280,0,45.5106,-20.8375,-40.4600,0.0000
14.3280,1,196.1995,0.0000,-196.1995,392.3988
14.3580,0,45.5161,-20.8462,-40.4617,0.0000
14.3580,1,196.1996,0.0000,-196.1996,392.3989
14.3920,0,45.5222,-20.8561,-40.4635,0.0000
14.3920,1,196.1995,0.0000,-196.1995,392.3988
14.4260,0,45.5284,-20.8660,-40.4654,0.0000
14.4260,1,196.1995,0.0000,-196.1995,392.3988
14.4560,0,45.5339,-20.8747,-40.4670,0.0000
14.4560,1,196.1995,0.0000,-196.1995,392.3988
14.4900,0,45.5400,-20.8846,-40.4689,0.0000
14.4900,1,196.1996,0.0000,-196.1996,392.3988
14.5240,0,45.5462,-20.8945,-40.4707,0.0000
14.5240,1,196.1995,0.0000,-196.1995,392.3988
14.5560,0,45.5521,-20.9038,-40.4725,0.0000
14.5560,1,196.1995,0.0000,-196.1995,392.3988
14.5920,0,45.5581,-20.9135,-40.4743,0.0000
14.5920,1,196.1995,0.0000,-196.1995,392.3988
14.6240,0,45.5635,-20.9221,-40.4759,0.0000
14.6240,1,196.1996,0.0000,-196.1996,392.3989
14.6580,0,45.5692,-20.9312,-40.4776,0.0000
14.6580,1,196.1995,0.0000,-196.1995,392.3988
14.6900,0,45.5746,-20.9398,-40.4792,0.0000
14.6900,1,196.1995,0.0000,-196.1995,392.3988
14.7240,0,45.5803,-20.9489,-40.4809,0.0000
14.7240,1,196.1995,0.0000,-196.1995,392.3988
14.7580,0,45.5860,-20.9581,-40.4827,0.0000
14.7580,1,196.1995,0.0000,-196.1995,392.3988
14.7900,0,45.5914,-20.9667,-40.4843,0.0000
14.7900,1,196.1996,0.0000,-196.1996,392.3988
14.8240,0,45.5972,-20.9758,-40.4860,0.0000
14.8240,1,196.1995,0.0000,-196.1995,392.3988
14.8580,0,45.6029,-20.9850,-40.4877,0.0000
14.8580,1,196.1996,0.0000,-196.1996,392.3988
14.8920,0,45.6086,-20.9941,-40.4894,0.0000
14.8920,1,196.1996,0.0000,-196.1996,392.3989
14.9260,0,45.6143,-21.0032,-40.4911,0.0000
14.9260,1,196.1995,0.0000,-196.1995,392.3988
14.9600,0,45.6201,-21.0124,-40.4929,0.0000
14.9600,1,196.1995,0.0000,-196.1995,392.3988
14.9920,0,45.6255,-21.0210,-40.4945,0.0000
14.9920,1,196.1996,0.0000,-196.1996,392.3989
15.0240,0,45.6309,-21.0296,-40.4961,0.0000
15.0240,1,196.1995,0.0000,-196.1995,392.3988
15.0580,0,45.6366,-21.0387,-40.4978,0.0000
15.0580,1,196.1995,0.0000,-196.1995,392.3988
15.0900,0,45.6420,-21.0473,-40.4994,0.0000
15.0900,1,196.1995,0.0000,-196.1995,392.3988
15.1240,0,45.6478,-21.0565,-40.5011,0.0000
15.1240,1,196.1995,0.0000,-196.1995,392.3988
15.1600,0,45.6538,-21.0661,-40.5029,0.0000
15.1600,1,196.1995,0.0000,-196.1995,392.3988
15.1920,0,45.6592,-21.0747,-40.5046,0.0000
15.1920,1,196.1996,0.0000,-196.1996,392.3988
15.2240,0,45.6647,-21.0834,-40.5062,0.0000
15.2240,1,196.1995,0.0000,-196.1995,392.3988
15.2580,0,45.6704,-21.0925,-40.5079,0.0000
15.2580,1,196.1995,0.0000,-196.1995,392.3988
15.2940,0,45.6765,-21.1022,-40.5097,0.0000
15.2940,1,196.1995,0.0000,-196.1995,392.3988
15.3240,0,45.6815,-21.1102,-40.5112,0.0000
15.3240,1,196.1996,0.0000,-196.1996,392.3989
15.3600,0,45.6876,-21.1199,-40.5130,0.0000
15.3600,1,196.1995,0.0000,-196.1995,392.3988
15.3900,0,45.6927,-21.1280,-40.5146,0.0000
15.3900,1,196.1995,0.0000,-196.1995,392.3988
15.4260,0,45.6988,-21.1377,-40.5164,0.0000
15.4260,1,196.1995,0.0000,-196.1995,392.3988
15.4580,0,45.7042,-21.1463,-40.5180,0.0000
15.4580,1,196.1995,0.0000,-196.1995,392.3988
15.4920,0,45.7100,-21.1555,-40.5197,0.0000
15.4920,1,196.1996,0.0000,-196.1996,392.3988
15.5240,0,45.7154,-21.1640,-40.5213,0.0000
15.5240,1,196.1996,0.0000,-196.1996,392.3988
15.5580,0,45.7211,-21.1732,-40.5230,0.0000
15.5580,1,196.1995,0.0000,-196.1995,392.3988
15.5920,0,45.7269,-21.1823,-40.5248,0.0000
15.5920,1,196.1995,0.0000,-196.1995,392.3988
15.6240,0,45.7323,-21.1909,-40.5264,0.0000
15.6240,1,196.1995,0.0000,-196.1995,392.3988
15.6580,0,45.7380,-21.2001,-40.5281,0.0000
15.6580,1,196.1995,0.0000,-196.1995,392.3988
15.6940,0,45.7442,-21.2098,-40.5299,0.0000
15.6940,1,196.1996,0.0000,-196.1996,392.3988
15.7260,0,45.7496,-21.2184,-40.5315,0.0000
15.7260,1,196.1995,0.0000,-196.1995,392.3988
15.7620,0,45.7557,-21.2280,-40.5333,0.0000
15.7620,1,196.1995,0.0000,-196.1995,392.3988
15.7900,0,45.7604,-21.2356,-40.5347,0.0000
15.7900,1,196.1995,0.0000,-196.1995,392.3988
15.8240,0,45.7662,-21.2447,-40.5365,0.0000
15.8240,1,196.1996,0.0000,-196.1996,392.3988
15.8560,0,45.7716,-21.2533,-40.5381,0.0000
15.8560,1,196.1995,0.0000,-196.1995,392.3988
15.8900,0,45.7774,-21.2625,-40.5398,0.0000
15.8900,1,196.1995,0.0000,-196.1995,392.3988
15.9240,0,45.7831,-21.2716,-40.5415,0.0000
15.9240,1,196.1995,0.0000,-196.1995,392.3988
15.9580,0,45.7889,-21.2808,-40.5432,0.0000
15.9580,1,196.1995,0.0000,-196.1995,392.3988
15.9900,0,45.7943,-21.2894,-40.5448,0.0000
15.9900,1,196.1996,0.0000,-196.1996,392.3989
16.0240,0,45.8001,-21.2985,-40.5466,0.0000
16.0240,1,196.1995,0.0000,-196.1995,392.3988
16.0560,0,45.8055,-21.3071,-40.5482,0.0000
16.0560,1,196.1996,0.0000,-196.1996,392.3988
16.0900,0,45.8113,-21.3163,-40.5499,0.0000
16.0900,1,196.1995,0.0000,-196.1995,392.3988
16.1240,0,45.8171,-21.3254,-40.5516,0.0000
16.1240,1,196.1995,0.0000,-196.1995,392.3988
16.1600,0,45.8232,-21.3351,-40.5534,0.0000
16.1600,1,196.1995,0.0000,-196.1995,392.3988
16.1900,0,45.8283,-21.3432,-40.5549,0.0000
16.1900,1,196.1995,0.0000,-196.1995,392.3988
16.2240,0,45.8341,-21.3523,-40.5567,0.0000
16.2240,1,196.1995,0.0000,-196.1995,392.3988
16.2560,0,45.8395,-21.3609,-40.5583,0.0000
16.2560,1,196.1995,0.0000,-196.1995,392.3988
16.2920,0,45.8456,-21.3706,-40.5601,0.0000
16.2920,1,196.1995,0.0000,-196.1995,392.3988
16.3240,0,45.8511,-21.3792,-40.5617,0.0000
16.3240,1,196.1996,0.0000,-196.1996,392.3989
16.3580,0,45.8569,-21.3884,-40.5634,0.0000
16.3580,1,196.1995,0.0000,-196.1995,392.3988
16.3900,0,45.8623,-21.3970,-40.5650,0.0000
16.3900,1,196.1996,0.0000,-196.1996,392.3988
16.4240,0,45.8681,-21.4061,-40.5667,0.0000
16.4240,1,196.1995,0.0000,-196.1995,392.3988
16.4560,0,45.8736,-21.4147,-40.5684,0.0000
16.4560,1,196.1996,0.0000,-196.1996,392.3989
16.4900,0,45.8793,-21.4239,-40.5701,0.0000
16.4900,1,196.1995,0.0000,-196.1995,392.3988
16.5240,0,45.8852,-21.4331,-40.5718,0.0000
16.5240,1,196.1995,0.0000,-196.1995,392.3988
16.5560,0,45.8906,-21.4417,-40.5734,0.0000
16.5560,1,196.1995,0.0000,-196.1995,392.3988
16.5940,0,45.8971,-21.4519,-40.5753,0.0000
16.5940,1,196.1996,0.0000,-196.1996,392.3989
16.6220,0,45.9018,-21.4594,-40.5767,0.0000
16.6220,1,196.1995,0.0000,-196.1995,392.3988
16.6560,0,45.9076,-21.4685,-40.5785,0.0000
16.6560,1,196.1995,0.0000,-196.1995,392.3987
16.6900,0,45.9134,-21.4777,-40.5802,0.0000
16.6900,1,196.1995,0.0000,-196.1995,392.3988
16.7220,0,45.9189,-21.4863,-40.5818,0.0000
16.7220,1,196.1995,0.0000,-196.1995,392.3988
16.7560,0,45.9247,-21.4955,-40.5835,0.0000
16.7560,1,196.1996,0.0000,-196.1996,392.3989
16.7920,0,45.9308,-21.5051,-40.5853,0.0000
16.7920,1,196.1995,0.0000,-196.1995,392.3988
16.8240,0,45.9363,-21.5138,-40.5869,0.0000
16.8240,1,196.1995,0.0000,-196.1995,392.3988
16.8560,0,45.9417,-21.5224,-40.5886,0.0000
16.8560,1,196.1995,0.0000,-196.1995,392.3988
16.8900,0,45.9476,-21.5316,-40.5903,0.0000
16.8900,1,196.1995,0.0000,-196.1995,392.3988
16.9240,0,45.9533,-21.5407,-40.5920,0.0000
16.9240,1,196.1995,0.0000,-196.1995,392.3988
16.9560,0,45.9588,-21.5493,-40.5936,0.0000
16.9560,1,196.1995,0.0000,-196.1995,392.3988
16.9900,0,45.9646,-21.5584,-40.5953,0.0000
16.9900,1,196.1995,0.0000,-196.1995,392.3988
17.0240,0,45.9704,-21.5676,-40.5970,0.0000
17.0240,1,196.1995,0.0000,-196.1995,392.3988
17.0560,0,45.9759,-21.5762,-40.5987,0.0000
17.0560,1,196.1995,0.0000,-196.1995,392.3988
17.0900,0,45.9817,-21.5854,-40.6004,0.0000
17.0900,1,196.1995,0.0000,-196.1995,392.3988
17.1240,0,45.9875,-21.5945,-40.6021,0.0000
17.1240,1,196.1995,0.0000,-196.1995,392.3988
17.1560,0,45.9930,-21.6031,-40.6037,0.0000
17.1560,1,196.1995,0.0000,-196.1995,392.3988
17.1900,0,45.9988,-21.6123,-40.6054,0.0000
17.1900,1,196.1995,0.0000,-196.1995,392.3988
17.2240,0,46.0046,-21.6214,-40.6071,0.0000
17.2240,1,196.1995,0.0000,-196.1995,392.3988
17.2560,0,46.0101,-21.6300,-40.6088,0.0000
17.2560,1,196.1996,0.0000,-196.1996,392.3988
17.2900,0,46.0159,-21.6392,-40.6105,0.0000
17.2900,1,196.1995,0.0000,-196.1995,392.3988
17.3240,0,46.0217,-21.6484,-40.6122,0.0000
17.3240,1,196.1995,0.0000,-196.1995,392.3988
17.3560,0,46.0272,-21.6570,-40.6138,0.0000
17.3560,1,196.1995,0.0000,-196.1995,392.3988
17.3900,0,46.0331,-21.6661,-40.6155,0.0000
17.3900,1,196.1995,0.0000,-196.1995,392.3988
17.4240,0,46.0389,-21.6753,-40.6172,0.0000
17.4240,1,196.1995,0.0000,-196.1995,392.3988
17.4560,0,46.0441,-21.6835,-40.6188,0.0000
17.4560,1,196.1995,0.0000,-196.1995,392.3988
17.4900,0,46.0495,-21.6919,-40.6204,0.0000
17.4900,1,196.1995,0.0000,-196.1995,392.3988
17.5220,0,46.0545,-21.6998,-40.6219,0.0000
17.5220,1,196.1995,0.0000,-196.1995,392.3988
17.5560,0,46.0598,-21.7082,-40.6234,0.0000
17.5560,1,196.1995,0.0000,-196.1995,392.3988
17.5900,0,46.0652,-21.7166,-40.6250,0.0000
17.5900,1,196.1995,0.0000,-196.1995,392.3988
17.6220,0,46.0702,-21.7245,-40.6265,0.0000
17.6220,1,196.1995,0.0000,-196.1995,392.3988
17.6580,0,46.0759,-21.7335,-40.6282,0.0000
17.6580,1,196.1995,0.0000,-196.1995,392.3988
17.6900,0,46.0810,-21.7414,-40.6296,0.0000
17.6900,1,196.1995,0.0000,-196.1995,392.3988
17.7240,0,46.0863,-21.7498,-40.6312,0.0000
17.7240,1,196.1995,0.0000,-196.1995,392.3988
17.7560,0,46.0914,-21.7577,-40.6327,0.0000
17.7560,1,196.1995,0.0000,-196.1995,392.3988
17.7920,0,46.0970,-21.7666,-40.6344,0.0000
17.7920,1,196.1995,0.0000,-196.1995,392.3988
17.8240,0,46.1021,-21.7745,-40.6358,0.0000
17.8240,1,196.1995,0.0000,-196.1995,392.3988
17.8560,0,46.1071,-21.7824,-40.6373,0.0000
17.8560,1,196.1996,0.0000,-196.1996,392.3989
17.8900,0,46.1125,-21.7908,-40.6389,0.0000
17.8900,1,196.1995,0.0000,-196.1995,392.3988
17.9240,0,46.1178,-21.7992,-40.6405,0.0000
17.9240,1,196.1995,0.0000,-196.1995,392.3988
17.9560,0,46.1229,-21.8071,-40.6420,0.0000
17.9560,1,196.1995,0.0000,-196.1995,392.3988
17.9900,0,46.1283,-21.8156,-40.6436,0.0000
17.9900,1,196.1995,0.0000,-196.1995,392.3988
18.0220,0,46.1333,-21.8235,-40.6450,0.0000
18.0220,1,196.1996,0.0000,-196.1996,392.3988
18.0580,0,46.1390,-21.8324,-40.6467,0.0000
18.0580,1,196.1995,0.0000,-196.1995,392.3988
18.0900,0,46.1441,-21.8403,-40.6482,0.0000
18.0900,1,196.1995,0.0000,-196.1995,392.3988
18.1220,0,46.1491,-21.8482,-40.6497,0.0000
18.1220,1,196.1995,0.0000,-196.1995,392.3988
18.1580,0,46.1548,-21.8571,-40.6513,0.0000
18.1580,1,196.1995,0.0000,-196.1995,392.3988
18.1900,0,46.1598,-21.8650,-40.6528,0.0000
18.1900,1,196.1996,0.0000,-196.1996,392.3989
18.2240,0,46.1652,-21.8734,-40.6544,0.0000
18.2240,1,196.1995,0.0000,-196.1995,392.3988
18.2600,0,46.1709,-21.8823,-40.6561,0.0000
18.2600,1,196.1995,0.0000,-196.1995,392.3988
18.2920,0,46.1760,-21.8903,-40.6576,0.0000
18.2920,1,196.1995,0.0000,-196.1995,392.3988
18.3280,0,46.1817,-21.8992,-40.6592,0.0000
18.3280,1,196.1995,0.0000,-196.1995,392.3988
18.3600,0,46.1867,-21.9071,-40.6607,0.0000
18.3600,1,196.1995,0.0000,-196.1995,392.3988
18.3940,0,46.1921,-21.9155,-40.6623,0.0000
18.3940,1,196.1995,0.0000,-196.1995,392.3988
18.4240,0,46.1969,-21.9229,-40.6637,0.0000
18.4240,1,196.1995,0.0000,-196.1995,392.3988
18.4560,0,46.2019,-21.9308,-40.6652,0.0000
18.4560,1,196.1995,0.0000,-196.1995,392.3988
18.4900,0,46.2073,-21.9392,-40.6667,0.0000
18.4900,1,196.1995,0.0000,-196.1995,392.3988
18.5260,0,46.2130,-21.9482,-40.6684,0.0000
18.5260,1,196.1995,0.0000,-196.1995,392.3988
18.5600,0,46.2183,-21.9565,-40.6700,0.0000
18.5600,1,196.1996,0.0000,-196.1996,392.3989
18.5900,0,46.2230,-21.9638,-40.6713,0.0000
18.5900,1,196.1996,0.0000,-196.1996,392.3988
18.6220,0,46.2280,-21.9715,-40.6728,0.0000
18.6220,1,196.1995,0.0000,-196.1995,392.3988
18.6580,0,46.2336,-21.9803,-40.6744,0.0000
18.6580,1,196.1995,0.0000,-196.1995,392.3988
18.6900,0,46.2385,-21.9880,-40.6759,0.0000
18.6900,1,196.1996,0.0000,-196.1996,392.3988
18.7240,0,46.2438,-21.9963,-40.6774,0.0000
18.7240,1,196.1995,0.0000,-196.1995,392.3988
18.7600,0,46.2494,-22.0050,-40.6791,0.0000
18.7600,1,196.1995,0.0000,-196.1995,392.3988
18.7920,0,46.2544,-22.0128,-40.6805,0.0000
18.7920,1,196.1995,0.0000,-196.1995,392.3988
18.8260,0,46.2597,-22.0211,-40.6821,0.0000
18.8260,1,196.1995,0.0000,-196.1995,392.3988
18.8580,0,46.2647,-22.0288,-40.6835,0.0000
18.8580,1,196.1995,0.0000,-196.1995,392.3988
18.8920,0,46.2700,-22.0371,-40.6851,0.0000
18.8920,1,196.1995,0.0000,-196.1995,392.3988
18.9260,0,46.2752,-22.0453,-40.6866,0.0000
18.9260,1,196.1995,0.0000,-196.1995,392.3988
18.9600,0,46.2806,-22.0536,-40.6882,0.0000
18.9600,1,196.1996,0.0000,-196.1996,392.3988
18.9940,0,46.2858,-22.0618,-40.6897,0.0000
18.9940,1,196.1995,0.0000,-196.1995,392.3988
19.0260,0,46.2908,-22.0696,-40.6912,0.0000
19.0260,1,196.1995,0.0000,-196.1995,392.3988
19.0580,0,46.2958,-22.0774,-40.6926,0.0000
19.0580,1,196.1995,0.0000,-196.1995,392.3988
19.0940,0,46.3014,-22.0861,-40.6943,0.0000
19.0940,1,196.1995,0.0000,-196.1995,392.3988
19.1260,0,46.3064,-22.0939,-40.6957,0.0000
19.1260,1,196.1995,0.0000,-196.1995,392.3988
19.1600,0,46.3117,-22.1022,-40.6973,0.0000
19.1600,1,196.1995,0.0000,-196.1995,392.3988
19.1940,0,46.3170,-22.1104,-40.6988,0.0000
19.1940,1,196.1995,0.0000,-196.1995,392.3988
19.2260,0,46.3220,-22.1182,-40.7003,0.0000
19.2260,1,196.1995,0.0000,-196.1995,392.3988
19.2580,0,46.3270,-22.1260,-40.7017,0.0000
19.2580,1,196.1995,0.0000,-196.1995,392.3988
19.2920,0,46.3323,-22.1342,-40.7033,0.0000
19.2920,1,196.1996,0.0000,-196.1996,392.3988
19.3260,0,46.3376,-22.1425,-40.7048,0.0000
19.3260,1,196.1996,0.0000,-196.1996,392.3988
19.3560,0,46.3423,-22.1498,-40.7062,0.0000
19.3560,1,196.1996,0.0000,-196.1996,392.3988
19.3940,0,46.3482,-22.1590,-40.7079,0.0000
19.3940,1,196.1996,0.0000,-196.1996,392.3989
19.4240,0,46.3529,-22.1663,-40.7093,0.0000
19.4240,1,196.1995,0.0000,-196.1995,392.3988
19.4600,0,46.3585,-22.1750,-40.7109,0.0000
19.4600,1,196.1995,0.0000,-196.1995,392.3988
19.4900,0,46.3632,-22.1823,-40.7123,0.0000
19.4900,1,196.1995,0.0000,-196.1995,392.3988
19.5240,0,46.3685,-22.1906,-40.7139,0.0000
19.5240,1,196.1995,0.0000,-196.1995,392.3988
19.5600,0,46.3741,-22.1993,-40.7155,0.0000
19.5600,1,196.1996,0.0000,-196.1996,392.3988
19.5940,0,46.3794,-22.2075,-40.7170,0.0000
19.5940,1,196.1996,0.0000,-196.1996,392.3989
19.6260,0,46.3844,-22.2153,-40.7185,0.0000
19.6260,1,196.1996,0.0000,-196.1996,392.3988
19.6580,0,46.3895,-22.2231,-40.7200,0.0000
19.6580,1,196.1995,0.0000,-196.1995,392.3988
19.6920,0,46.3948,-22.2313,-40.7215,0.0000
19.6920,1,196.1995,0.0000,-196.1995,392.3988
19.7260,0,46.4001,-22.2396,-40.7231,0.0000
19.7260,1,196.1995,0.0000,-196.1995,392.3988
19.7580,0,46.4051,-22.2474,-40.7245,0.0000
19.7580,1,196.1996,0.0000,-196.1996,392.3988
19.7920,0,46.4104,-22.2557,-40.7261,0.0000
19.7920,1,196.1995,0.0000,-196.1995,392.3988
19.8220,0,46.4151,-22.2630,-40.7274,0.0000
19.8220,1,196.1995,0.0000,-196.1995,392.3988
19.8580,0,46.4207,-22.2717,-40.7291,0.0000
19.8580,1,196.1995,0.0000,-196.1995,392.3988
19.8920,0,46.4260,-22.2799,-40.7306,0.0000
19.8920,1,196.1995,0.0000,-196.1995,392.3988
19.9220,0,46.4308,-22.2872,-40.7320,0.0000
19.9220,1,196.1995,0.0000,-196.1995,392.3988
19.9560,0,46.4361,-22.2955,-40.7335,0.0000
19.9560,1,196.1995,0.0000,-196.1995,392.3988
19.9940,0,46.4420,-22.3047,-40.7353,0.0000
19.9940,1,196.1995,0.0000,-196.1995,392.3988
20.0280,0,46.4474,-22.3130,-40.7368,0.0000
20.0280,1,196.1995,0.0000,-196.1995,392.3988
20.0620,0,46.4527,-22.3212,-40.7383,0.0000
20.0620,1,196.1995,0.0000,-196.1995,392.3988
20.0900,0,46.4571,-22.3281,-40.7396,0.0000
20.0900,1,196.1995,0.0000,-196.1995,392.3988
20.1280,0,46.4630,-22.3373,-40.7413,0.0000
20.1280,1,196.1995,0.0000,-196.1995,392.3988
20.1560,0,46.4674,-22.3440,-40.7426,0.0000
20.1560,1,196.1995,0.0000,-196.1995,392.3988
20.1940,0,46.4734,-22.3533,-40.7444,0.0000
20.1940,1,196.1995,0.0000,-196.1995,392.3988
20.2240,0,46.4781,-22.3606,-40.7457,0.0000
20.2240,1,196.1995,0.0000,-196.1995,392.3988
20.2600,0,46.4837,-22.3693,-40.7474,0.0000
20.2600,1,196.1995,0.0000,-196.1995,392.3988
20.2920,0,46.4887,-22.3771,-40.7488,0.0000
20.2920,1,196.1995,0.0000,-196.1995,392.3988
20.3260,0,46.4941,-22.3854,-40.7504,0.0000
20.3260,1,196.1995,0.0000,-196.1995,392.3988
20.3560,0,46.4988,-22.3926,-40.7517,0.0000
20.3560,1,196.1995,0.0000,-196.1995,392.3988
20.3920,0,46.5044,-22.4014,-40.7534,0.0000
20.3920,1,196.1996,0.0000,-196.1996,392.3988
20.4260,0,46.5098,-22.4097,-40.7549,0.0000
20.4260,1,196.1995,0.0000,-196.1995,392.3988
20.4600,0,46.5151,-22.4180,-40.7565,0.0000
20.4600,1,196.1995,0.0000,-196.1995,392.3988
20.4940,0,46.5204,-22.4262,-40.7580,0.0000
20.4940,1,196.1995,0.0000,-196.1995,392.3988
20.5240,0,46.5251,-22.4335,-40.7594,0.0000
20.5240,1,196.1995,0.0000,-196.1995,392.3988
20.5600,0,46.5308,-22.4422,-40.7610,0.0000
20.5600,1,196.1996,0.0000,-196.1996,392.3988
20.5920,0,46.5358,-22.4500,-40.7625,0.0000
20.5920,1,196.1995,0.0000,-196.1995,392.3988
20.6240,0,46.5406,-22.4575,-40.7639,0.0000
20.6240,1,196.1995,0.0000,-196.1995,392.3988
20.6580,0,46.5455,-22.4650,-40.7653,0.0000
20.6580,1,196.1995,0.0000,-196.1995,392.3988
20.6900,0,46.5501,-22.4720,-40.7666,0.0000
20.6900,1,196.1995,0.0000,-196.1995,392.3988
20.7240,0,46.5549,-22.4796,-40.7680,0.0000
20.7240,1,196.1995,0.0000,-196.1995,392.3988
20.7560,0,46.5595,-22.4866,-40.7693,0.0000
20.7560,1,196.1995,0.0000,-196.1995,392.3988
20.7920,0,46.5647,-22.4946,-40.7708,0.0000
20.7920,1,196.1995,0.0000,-196.1995,392.3988
20.8240,0,46.5692,-22.5016,-40.7722,0.0000
20.8240,1,196.1995,0.0000,-196.1995,392.3988
20.8600,0,46.5744,-22.5096,-40.7737,0.0000
20.8600,1,196.1995,0.0000,-196.1995,392.3988
20.8920,0,46.5790,-22.5167,-40.7750,0.0000
20.8920,1,196.1995,0.0000,-196.1995,392.3988
20.9240,0,46.5836,-22.5238,-40.7763,0.0000
20.9240,1,196.1996,0.0000,-196.1996,392.3988
20.9600,0,46.5887,-22.5317,-40.7778,0.0000
20.9600,1,196.1995,0.0000,-196.1995,392.3988
20.9880,0,46.5927,-22.5379,-40.7789,0.0000
20.9880,1,196.1995,0.0000,-196.1995,392.3988
21.0220,0,46.5976,-22.5454,-40.7804,0.0000
21.0220,1,196.1995,0.0000,-196.1995,392.3988
21.0560,0,46.6024,-22.5529,-40.7818,0.0000
21.0560,1,196.1995,0.0000,-196.1995,392.3987
21.0880,0,46.6070,-22.5600,-40.7831,0.0000
21.0880,1,196.1995,0.0000,-196.1995,392.3988
21.1240,0,46.6122,-22.5680,-40.7846,0.0000
21.1240,1,196.1995,0.0000,-196.1995,392.3988
21.1560,0,46.6168,-22.5751,-40.7859,0.0000
21.1560,1,196.1995,0.0000,-196.1995,392.3988
21.1900,0,46.6217,-22.5826,-40.7873,0.0000
21.1900,1,196.1995,0.0000,-196.1995,392.3988
21.2220,0,46.6262,-22.5897,-40.7886,0.0000
21.2220,1,196.1995,0.0000,-196.1995,392.3988
21.2580,0,46.6314,-22.5976,-40.7901,0.0000
21.2580,1,196.1995,0.0000,-196.1995,392.3988
21.2920,0,46.6363,-22.6051,-40.7915,0.0000
21.2920,1,196.1995,0.0000,-196.1995,392.3988
21.3240,0,46.6409,-22.6122,-40.7929,0.0000
21.3240,1,196.1995,0.0000,-196.1995,392.3988
21.3600,0,46.6460,-22.6202,-40.7944,0.0000
21.3600,1,196.1995,0.0000,-196.1995,392.3988
21.3900,0,46.6503,-22.6268,-40.7956,0.0000
21.3900,1,196.1995,0.0000,-196.1995,392.3988
21.4320,0,46.6564,-22.6361,-40.7973,0.0000
21.4320,1,196.1995,0.0000,-196.1995,392.3988
21.4580,0,46.6601,-22.6419,-40.7984,0.0000
21.4580,1,196.1995,0.0000,-196.1995,392.3988
21.4920,0,46.6650,-22.6494,-40.7998,0.0000
21.4920,1,196.1995,0.0000,-196.1995,392.3987
21.5240,0,46.6695,-22.6564,-40.8012,0.0000
21.5240,1,196.1995,0.0000,-196.1995,392.3988
21.5580,0,46.6744,-22.6640,-40.8026,0.0000
21.5580,1,196.1995,0.0000,-196.1995,392.3988
21.5880,0,46.6788,-22.6706,-40.8038,0.0000
21.5880,1,196.1995,0.0000,-196.1995,392.3988
21.6260,0,46.6842,-22.6790,-40.8054,0.0000
21.6260,1,196.1996,0.0000,-196.1996,392.3988
21.6580,0,46.6888,-22.6861,-40.8067,0.0000
21.6580,1,196.1995,0.0000,-196.1995,392.3988
21.6920,0,46.6937,-22.6936,-40.8081,0.0000
21.6920,1,196.1996,0.0000,-196.1996,392.3988
21.7220,0,46.6980,-22.7002,-40.8094,0.0000
21.7220,1,196.1995,0.0000,-196.1995,392.3988
21.7600,0,46.7035,-22.7086,-40.8109,0.0000
21.7600,1,196.1995,0.0000,-196.1995,392.3988
21.7900,0,46.7078,-22.7153,-40.8122,0.0000
21.7900,1,196.1995,0.0000,-196.1995,392.3988
21.8220,0,46.7124,-22.7223,-40.8135,0.0000
21.8220,1,196.1995,0.0000,-196.1995,392.3988
21.8540,0,46.7170,-22.7294,-40.8148,0.0000
21.8540,1,196.1995,0.0000,-196.1995,392.3988
21.8920,0,46.7224,-22.7378,-40.8164,0.0000
21.8920,1,196.1995,0.0000,-196.1995,392.3988
21.9240,0,46.7270,-22.7449,-40.8177,0.0000
21.9240,1,196.1996,0.0000,-196.1996,392.3989
21.9580,0,46.7320,-22.7524,-40.8191,0.0000
21.9580,1,196.1995,0.0000,-196.1995,392.3988
21.9920,0,46.7368,-22.7599,-40.8205,0.0000
21.9920,1,196.1996,0.0000,-196.1996,392.3988
22.0300,0,46.7423,-22.7684,-40.8221,0.0000
22.0300,1,196.1995,0.0000,-196.1995,392.3988
22.0580,0,46.7463,-22.7745,-40.8233,0.0000
22.0580,1,196.1995,0.0000,-196.1995,392.3988
22.0920,0,46.7512,-22.7821,-40.8247,0.0000
22.0920,1,196.1996,0.0000,-196.1996,392.3988
22.1240,0,46.7558,-22.7892,-40.8260,0.0000
22.1240,1,196.1995,0.0000,-196.1995,392.3988
22.1540,0,46.7602,-22.7958,-40.8273,0.0000
22.1540,1,196.1995,0.0000,-196.1995,392.3988
22.1880,0,46.7650,-22.8033,-40.8287,0.0000
22.1880,1,196.1996,0.0000,-196.1996,392.3989
22.2240,0,46.7702,-22.8113,-40.8302,0.0000
22.2240,1,196.1995,0.0000,-196.1995,392.3987
22.2560,0,46.7749,-22.8183,-40.8315,0.0000
22.2560,1,196.1995,0.0000,-196.1995,392.3988
22.2920,0,46.7800,-22.8263,-40.8330,0.0000
22.2920,1,196.1996,0.0000,-196.1996,392.3988
22.3220,0,46.7844,-22.8329,-40.8342,0.0000
22.3220,1,196.1995,0.0000,-196.1995,392.3988
22.3600,0,46.7899,-22.8414,-40.8358,0.0000
22.3600,1,196.1995,0.0000,-196.1995,392.3988
22.3940,0,46.7947,-22.8489,-40.8372,0.0000
22.3940,1,196.1995,0.0000,-196.1995,392.3988
22.4300,0,46.7999,-22.8568,-40.8387,0.0000
22.4300,1,196.1995,0.0000,-196.1995,392.3988
22.4600,0,46.8043,-22.8635,-40.8399,0.0000
22.4600,1,196.1996,0.0000,-196.1996,392.3989
22.4920,0,46.8089,-22.8706,-40.8413,0.0000
22.4920,1,196.1995,0.0000,-196.1995,392.3988
22.5240,0,46.8135,-22.8776,-40.8426,0.0000
22.5240,1,196.1995,0.0000,-196.1995,392.3988
22.5620,0,46.8190,-22.8861,-40.8442,0.0000
22.5620,1,196.1995,0.0000,-196.1995,392.3988
22.5920,0,46.8231,-22.8926,-40.8452,0.0000
22.5920,1,196.1996,0.0000,-196.1996,392.3988
22.6280,0,46.8283,-22.9006,-40.8467,0.0000
22.6280,1,196.1996,0.0000,-196.1996,392.3989
22.6600,0,46.8329,-22.9076,-40.8480,0.0000
22.6600,1,196.1995,0.0000,-196.1995,392.3988
22.6940,0,46.8378,-22.9152,-40.8494,0.0000
22.6940,1,196.1995,0.0000,-196.1995,392.3988
22.7220,0,46.8418,-22.9214,-40.8505,0.0000
22.7220,1,196.1995,0.0000,-196.1995,392.3988
22.7580,0,46.8470,-22.9293,-40.8520,0.0000
22.7580,1,196.1995,0.0000,-196.1995,392.3988
22.7880,0,46.8514,-22.9360,-40.8533,0.0000
22.7880,1,196.1995,0.0000,-196.1995,392.3988
22.8220,0,46.8563,-22.9435,-40.8547,0.0000
22.8220,1,196.1995,0.0000,-196.1995,392.3988
22.8580,0,46.8615,-22.9514,-40.8562,0.0000
22.8580,1,196.1995,0.0000,-196.1995,392.3988
22.8880,0,46.8658,-22.9581,-40.8574,0.0000
22.8880,1,196.1995,0.0000,-196.1995,392.3988
22.9220,0,46.8707,-22.9656,-40.8588,0.0000
22.9220,1,196.1995,0.0000,-196.1995,392.3988
22.9560,0,46.8756,-22.9731,-40.8602,0.0000
22.9560,1,196.1996,0.0000,-196.1996,392.3988
22.9880,0,46.8802,-22.9802,-40.8616,0.0000
22.9880,1,196.1995,0.0000,-196.1995,392.3988
23.0220,0,46.8852,-22.9878,-40.8630,0.0000
23.0220,1,196.1995,0.0000,-196.1995,392.3988
23.0560,0,46.8901,-22.9953,-40.8644,0.0000
23.0560,1,196.1995,0.0000,-196.1995,392.3988
23.0880,0,46.8947,-23.0024,-40.8657,0.0000
23.0880,1,196.1995,0.0000,-196.1995,392.3988
23.1220,0,46.8996,-23.0099,-40.8671,0.0000
23.1220,1,196.1995,0.0000,-196.1995,392.3988
23.1560,0,46.9046,-23.0174,-40.8685,0.0000
23.1560,1,196.1995,0.0000,-196.1995,392.3988
23.1920,0,46.9098,-23.0254,-40.8700,0.0000
23.1920,1,196.1995,0.0000,-196.1995,392.3988
23.2240,0,46.9144,-23.0325,-40.8714,0.0000
23.2240,1,196.1995,0.0000,-196.1995,392.3988
23.2560,0,46.9190,-23.0395,-40.8727,0.0000
23.2560,1,196.1995,0.0000,-196.1995,392.3988
23.2920,0,46.9243,-23.0475,-40.8742,0.0000
23.2920,1,196.1995,0.0000,-196.1995,392.3988
23.3260,0,46.9292,-23.0551,-40.8756,0.0000
23.3260,1,196.1995,0.0000,-196.1995,392.3988
23.3620,0,46.9344,-23.0630,-40.8771,0.0000
23.3620,1,196.1995,0.0000,-196.1995,392.3988
23.3920,0,46.9388,-23.0697,-40.8783,0.0000
23.3920,1,196.1995,0.0000,-196.1995,392.3988
23.4220,0,46.9431,-23.0763,-40.8796,0.0000
23.4220,1,196.1995,0.0000,-196.1995,392.3988
23.4560,0,46.9480,-23.0838,-40.8810,0.0000
23.4560,1,196.1995,0.0000,-196.1995,392.3988
23.4880,0,46.9527,-23.0909,-40.8823,0.0000
23.4880,1,196.1995,0.0000,-196.1995,392.3988
23.5220,0,46.9576,-23.0985,-40.8837,0.0000
23.5220,1,196.1995,0.0000,-196.1995,392.3988
23.5560,0,46.9625,-23.1060,-40.8851,0.0000
23.5560,1,196.1995,0.0000,-196.1995,392.3988
23.5880,0,46.9672,-23.1131,-40.8864,0.0000
23.5880,1,196.1995,0.0000,-196.1995,392.3988
23.6220,0,46.9721,-23.1206,-40.8878,0.0000
23.6220,1,196.1995,0.0000,-196.1995,392.3988
23.6560,0,46.9770,-23.1281,-40.8893,0.0000
23.6560,1,196.1996,0.0000,-196.1996,392.3989
23.6900,0,46.9819,-23.1355,-40.8906,0.0000
23.6900,1,196.1995,0.0000,-196.1995,392.3988
23.7220,0,46.9864,-23.1425,-40.8919,0.0000
23.7220,1,196.1995,0.0000,-196.1995,392.3988
23.7560,0,46.9913,-23.1498,-40.8933,0.0000
23.7560,1,196.1995,0.0000,-196.1995,392.3988
23.7880,0,46.9958,-23.1568,-40.8946,0.0000
23.7880,1,196.1995,0.0000,-196.1995,392.3988
23.8220,0,47.0006,-23.1641,-40.8960,0.0000
23.8220,1,196.1996,0.0000,-196.1996,392.3989
23.8600,0,47.0060,-23.1724,-40.8975,0.0000
23.8600,1,196.1995,0.0000,-196.1995,392.3988
23.8900,0,47.0103,-23.1789,-40.8988,0.0000
23.8900,1,196.1995,0.0000,-196.1995,392.3988
23.9220,0,47.0149,-23.1858,-40.9001,0.0000
23.9220,1,196.1996,0.0000,-196.1996,392.3989
23.9580,0,47.0200,-23.1936,-40.9015,0.0000
23.9580,1,196.1996,0.0000,-196.1996,392.3988
23.9900,0,47.0245,-23.2005,-40.9028,0.0000
23.9900,1,196.1995,0.0000,-196.1995,392.3988
24.0240,0,47.0294,-23.2079,-40.9042,0.0000
24.0240,1,196.1995,0.0000,-196.1995,392.3988
24.0600,0,47.0345,-23.2157,-40.9057,0.0000
24.0600,1,196.1995,0.0000,-196.1995,392.3988
24.0900,0,47.0388,-23.2222,-40.9069,0.0000
24.0900,1,196.1995,0.0000,-196.1995,392.3988
24.1240,0,47.0436,-23.2296,-40.9082,0.0000
24.1240,1,196.1995,0.0000,-196.1995,392.3988
24.1560,0,47.0477,-23.2359,-40.9094,0.0000
24.1560,1,196.1996,0.0000,-196.1996,392.3988
24.1920,0,47.0523,-23.2429,-40.9107,0.0000
24.1920,1,196.1995,0.0000,-196.1995,392.3988
24.2240,0,47.0564,-23.2491,-40.9119,0.0000
24.2240,1,196.1995,0.0000,-196.1995,392.3988
24.2560,0,47.0605,-23.2553,-40.9131,0.0000
24.2560,1,196.1995,0.0000,-196.1995,392.3988
24.2880,0,47.0646,-23.2616,-40.9142,0.0000
24.2880,1,196.1995,0.0000,-196.1995,392.3988
24.3240,0,47.0692,-23.2686,-40.9156,0.0000
24.3240,1,196.1995,0.0000,-196.1995,392.3988
24.3560,0,47.0733,-23.2749,-40.9167,0.0000
24.3560,1,196.1995,0.0000,-196.1995,392.3988
24.3900,0,47.0778,-23.2815,-40.9181,0.0000
24.3900,1,196.1995,0.0000,-196.1995,392.3988
24.4220,0,47.0819,-23.2877,-40.9192,0.0000
24.4220,1,196.1995,0.0000,-196.1995,392.3988
24.4540,0,47.0859,-23.2940,-40.9204,0.0000
24.4540,1,196.1995,0.0000,-196.1995,392.3988
24.4880,0,47.0903,-23.3006,-40.9216,0.0000
24.4880,1,196.1995,0.0000,-196.1995,392.3988
24.5220,0,47.0947,-23.3072,-40.9229,0.0000
24.5220,1,196.1995,0.0000,-196.1995,392.3988
24.5580,0,47.0993,-23.3142,-40.9242,0.0000
24.5580,1,196.1996,0.0000,-196.1996,392.3989
24.5900,0,47.1034,-23.3205,-40.9253,0.0000
24.5900,1,196.1995,0.0000,-196.1995,392.3988
24.6240,0,47.1077,-23.3271,-40.9266,0.0000
24.6240,1,196.1995,0.0000,-196.1995,392.3988
24.6560,0,47.1118,-23.3333,-40.9278,0.0000
24.6560,1,196.1995,0.0000,-196.1995,392.3988
24.6880,0,47.1159,-23.3396,-40.9289,0.0000
24.6880,1,196.1995,0.0000,-196.1995,392.3988
24.7220,0,47.1203,-23.3462,-40.9302,0.0000
24.7220,1,196.1995,0.0000,-196.1995,392.3988
24.7600,0,47.1252,-23.3536,-40.9315,0.0000
24.7600,1,196.1995,0.0000,-196.1995,392.3988
24.7920,0,47.1293,-23.3598,-40.9327,0.0000
24.7920,1,196.1995,0.0000,-196.1995,392.3988
24.8220,0,47.1331,-23.3657,-40.9338,0.0000
24.8220,1,196.1995,0.0000,-196.1995,392.3988
24.8560,0,47.1375,-23.3723,-40.9350,0.0000
24.8560,1,196.1996,0.0000,-196.1996,392.3989
24.8880,0,47.1416,-23.3785,-40.9362,0.0000
24.8880,1,196.1995,0.0000,-196.1995,392.3988
24.9220,0,47.1460,-23.3852,-40.9374,0.0000
24.9220,1,196.1995,0.0000,-196.1995,392.3988
24.9540,0,47.1501,-23.3914,-40.9386,0.0000
24.9540,1,196.1995,0.0000,-196.1995,392.3988
24.9880,0,47.1544,-23.3980,-40.9398,0.0000
24.9880,1,196.1996,0.0000,-196.1996,392.3988
25.0220,0,47.1588,-23.4047,-40.9411,0.0000
25.0220,1,196.1995,0.0000,-196.1995,392.3988
25.0560,0,47.1631,-23.4113,-40.9423,0.0000
25.0560,1,196.1995,0.0000,-196.1995,392.3988
25.0880,0,47.1673,-23.4175,-40.9435,0.0000
25.0880,1,196.1995,0.0000,-196.1995,392.3988
25.1220,0,47.1716,-23.4241,-40.9447,0.0000
25.1220,1,196.1995,0.0000,-196.1995,392.3988
25.1540,0,47.1757,-23.4304,-40.9459,0.0000
25.1540,1,196.1996,0.0000,-196.1996,392.3989
25.1880,0,47.1801,-23.4370,-40.9472,0.0000
25.1880,1,196.1995,0.0000,-196.1995,392.3988
25.2220,0,47.1845,-23.4436,-40.9484,0.0000
25.2220,1,196.1995,0.0000,-196.1995,392.3988
25.2540,0,47.1886,-23.4499,-40.9496,0.0000
25.2540,1,196.1995,0.0000,-196.1995,392.3988
25.2880,0,47.1930,-23.4565,-40.9508,0.0000
25.2880,1,196.1995,0.0000,-196.1995,392.3988
25.3200,0,47.1971,-23.4627,-40.9520,0.0000
25.3200,1,196.1996,0.0000,-196.1996,392.3988
25.3540,0,47.2014,-23.4693,-40.9532,0.0000
25.3540,1,196.1995,0.0000,-196.1995,392.3988
25.3880,0,47.2058,-23.4760,-40.9544,0.0000
25.3880,1,196.1995,0.0000,-196.1995,392.3988
25.4200,0,47.2099,-23.4822,-40.9556,0.0000
25.4200,1,196.1995,0.0000,-196.1995,392.3988
25.4540,0,47.2143,-23.4888,-40.9568,0.0000
25.4540,1,196.1995,0.0000,-196.1995,392.3988
25.4880,0,47.2187,-23.4955,-40.9581,0.0000
25.4880,1,196.1995,0.0000,-196.1995,392.3988
25.5200,0,47.2228,-23.5017,-40.9592,0.0000
25.5200,1,196.1995,0.0000,-196.1995,392.3988
25.5560,0,47.2274,-23.5087,-40.9606,0.0000
25.5560,1,196.1995,0.0000,-196.1995,392.3988
25.5880,0,47.2315,-23.5150,-40.9617,0.0000
25.5880,1,196.1995,0.0000,-196.1995,392.3988
25.6220,0,47.2359,-23.5216,-40.9630,0.0000
25.6220,1,196.1995,0.0000,-196.1995,392.3988
25.6560,0,47.2403,-23.5282,-40.9642,0.0000
25.6560,1,196.1995,0.0000,-196.1995,392.3988
25.6900,0,47.2446,-23.5348,-40.9654,0.0000
25.6900,1,196.1995,0.0000,-196.1995,392.3988
25.7220,0,47.2488,-23.5411,-40.9666,0.0000
25.7220,1,196.1995,0.0000,-196.1995,392.3988
25.7560,0,47.2531,-23.5477,-40.9678,0.0000
25.7560,1,196.1995,0.0000,-196.1995,392.3988
25.7880,0,47.2573,-23.5540,-40.9690,0.0000
25.7880,1,196.1995,0.0000,-196.1995,392.3988
25.8220,0,47.2617,-23.5606,-40.9703,0.0000
25.8220,1,196.1995,0.0000,-196.1995,392.3988
25.8560,0,47.2661,-23.5673,-40.9715,0.0000
25.8560,1,196.1995,0.0000,-196.1995,392.3988
25.8880,0,47.2702,-23.5735,-40.9727,0.0000
25.8880,1,196.1995,0.0000,-196.1995,392.3988
25.9220,0,47.2746,-23.5802,-40.9739,0.0000
25.9220,1,196.1995,0.0000,-196.1995,392.3988
25.9560,0,47.2790,-23.5868,-40.9752,0.0000
25.9560,1,196.1995,0.0000,-196.1995,392.3988
25.9900,0,47.2834,-23.5935,-40.9764,0.0000
25.9900,1,196.1995,0.0000,-196.1995,392.3988
26.0220,0,47.2875,-23.5998,-40.9776,0.0000
26.0220,1,196.1995,0.0000,-196.1995,392.3988
26.0540,0,47.2917,-23.6060,-40.9788,0.0000
26.0540,1,196.1996,0.0000,-196.1996,392.3989
26.0880,0,47.2961,-23.6127,-40.9800,0.0000
26.0880,1,196.1995,0.0000,-196.1995,392.3988
26.1220,0,47.3005,-23.6193,-40.9812,0.0000
26.1220,1,196.1995,0.0000,-196.1995,392.3988
26.1560,0,47.3049,-23.6260,-40.9825,0.0000
26.1560,1,196.1995,0.0000,-196.1995,392.3988
26.1900,0,47.3093,-23.6327,-40.9837,0.0000
26.1900,1,196.1995,0.0000,-196.1995,392.3988
26.2220,0,47.3134,-23.6389,-40.9849,0.0000
26.2220,1,196.1995,0.0000,-196.1995,392.3988
26.2560,0,47.3178,-23.6455,-40.9862,0.0000
26.2560,1,196.1995,0.0000,-196.1995,392.3988
26.2880,0,47.3220,-23.6518,-40.9873,0.0000
26.2880,1,196.1995,0.0000,-196.1995,392.3988
26.3200,0,47.3261,-23.6581,-40.9885,0.0000
26.3200,1,196.1995,0.0000,-196.1995,392.3988
26.3540,0,47.3305,-23.6647,-40.9897,0.0000
26.3540,1,196.1995,0.0000,-196.1995,392.3988
26.3880,0,47.3350,-23.6714,-40.9910,0.0000
26.3880,1,196.1995,0.0000,-196.1995,392.3988
26.4200,0,47.3391,-23.6777,-40.9922,0.0000
26.4200,1,196.1995,0.0000,-196.1995,392.3988
26.4540,0,47.3435,-23.6843,-40.9934,0.0000
26.4540,1,196.1995,0.0000,-196.1995,392.3988
26.4880,0,47.3479,-23.6910,-40.9946,0.0000
26.4880,1,196.1996,0.0000,-196.1996,392.3988
26.5200,0,47.3521,-23.6973,-40.9958,0.0000
26.5200,1,196.1996,0.0000,-196.1996,392.3989
26.5560,0,47.3567,-23.7043,-40.9971,0.0000
26.5560,1,196.1995,0.0000,-196.1995,392.3988
26.5880,0,47.3609,-23.7106,-40.9983,0.0000
26.5880,1,196.1995,0.0000,-196.1995,392.3988
26.6220,0,47.3653,-23.7172,-40.9996,0.0000
26.6220,1,196.1995,0.0000,-196.1995,392.3988
26.6560,0,47.3697,-23.7238,-41.0008,0.0000
26.6560,1,196.1995,0.0000,-196.1995,392.3988
26.6880,0,47.3738,-23.7302,-41.0020,0.0000
26.6880,1,196.1995,0.0000,-196.1995,392.3988
26.7200,0,47.3780,-23.7364,-41.0031,0.0000
26.7200,1,196.1995,0.0000,-196.1995,392.3988
26.7540,0,47.3824,-23.7430,-41.0044,0.0000
26.7540,1,196.1995,0.0000,-196.1995,392.3988
26.7880,0,47.3868,-23.7497,-41.0056,0.0000
26.7880,1,196.1995,0.0000,-196.1995,392.3988
26.8260,0,47.3918,-23.7572,-41.0070,0.0000
26.8260,1,196.1995,0.0000,-196.1995,392.3988
26.8580,0,47.3959,-23.7634,-41.0082,0.0000
26.8580,1,196.1996,0.0000,-196.1996,392.3988
26.8940,0,47.4006,-23.7705,-41.0095,0.0000
26.8940,1,196.1996,0.0000,-196.1996,392.3988
26.9240,0,47.4045,-23.7763,-41.0106,0.0000
26.9240,1,196.1995,0.0000,-196.1995,392.3988
26.9580,0,47.4089,-23.7830,-41.0119,0.0000
26.9580,1,196.1995,0.0000,-196.1995,392.3988
26.9900,0,47.4131,-23.7893,-41.0130,0.0000
26.9900,1,196.1995,0.0000,-196.1995,392.3988
27.0200,0,47.4169,-23.7951,-41.0141,0.0000
27.0200,1,196.1995,0.0000,-196.1995,392.3988
27.0580,0,47.4219,-23.8026,-41.0155,0.0000
27.0580,1,196.1995,0.0000,-196.1995,392.3988
27.0880,0,47.4258,-23.8085,-41.0166,0.0000
27.0880,1,196.1995,0.0000,-196.1995,392.3988
27.1240,0,47.4305,-23.8155,-41.0179,0.0000
27.1240,1,196.1995,0.0000,-196.1995,392.3988
27.1560,0,47.4346,-23.8218,-41.0191,0.0000
27.1560,1,196.1995,0.0000,-196.1995,392.3988
27.1860,0,47.4385,-23.8276,-41.0202,0.0000
27.1860,1,196.1995,0.0000,-196.1995,392.3988
27.2240,0,47.4435,-23.8351,-41.0216,0.0000
27.2240,1,196.1995,0.0000,-196.1995,392.3988
27.2560,0,47.4476,-23.8414,-41.0228,0.0000
27.2560,1,196.1995,0.0000,-196.1995,392.3988
27.2920,0,47.4523,-23.8484,-41.0241,0.0000
27.2920,1,196.1995,0.0000,-196.1995,392.3988
27.3220,0,47.4562,-23.8543,-41.0252,0.0000
27.3220,1,196.1995,0.0000,-196.1995,392.3988
27.3560,0,47.4607,-23.8610,-41.0264,0.0000
27.3560,1,196.1995,0.0000,-196.1995,392.3988
27.3920,0,47.4653,-23.8680,-41.0277,0.0000
27.3920,1,196.1995,0.0000,-196.1995,392.3988
27.4220,0,47.4692,-23.8739,-41.0289,0.0000
27.4220,1,196.1995,0.0000,-196.1995,392.3988
27.4560,0,47.4737,-23.8805,-41.0301,0.0000
27.4560,1,196.1995,0.0000,-196.1995,392.3988
27.4920,0,47.4783,-23.8876,-41.0314,0.0000
27.4920,1,196.1995,0.0000,-196.1995,392.3988
27.5220,0,47.4822,-23.8934,-41.0325,0.0000
27.5220,1,196.1995,0.0000,-196.1995,392.3988
27.5560,0,47.4867,-23.9001,-41.0338,0.0000
27.5560,1,196.1995,0.0000,-196.1995,392.3988
27.5900,0,47.4911,-23.9068,-41.0350,0.0000
27.5900,1,196.1996,0.0000,-196.1996,392.3989
27.6240,0,47.4955,-23.9134,-41.0362,0.0000
27.6240,1,196.1995,0.0000,-196.1995,392.3988
27.6560,0,47.4997,-23.9197,-41.0374,0.0000
27.6560,1,196.1995,0.0000,-196.1995,392.3988
27.6920,0,47.5044,-23.9267,-41.0387,0.0000
27.6920,1,196.1995,0.0000,-196.1995,392.3988
27.7200,0,47.5081,-23.9322,-41.0398,0.0000
27.7200,1,196.1995,0.0000,-196.1995,392.3988
27.7540,0,47.5125,-23.9389,-41.0410,0.0000
27.7540,1,196.1995,0.0000,-196.1995,392.3988
27.7900,0,47.5169,-23.9458,-41.0421,0.0000
27.7900,1,196.1995,0.0000,-196.1995,392.3988
27.8220,0,47.5211,-23.9521,-41.0433,0.0000
27.8220,1,196.1995,0.0000,-196.1995,392.3988
27.8560,0,47.5255,-23.9588,-41.0445,0.0000
27.8560,1,196.1995,0.0000,-196.1995,392.3988
27.8900,0,47.5299,-23.9654,-41.0457,0.0000
27.8900,1,196.1995,0.0000,-196.1995,392.3988
27.9260,0,47.5346,-23.9725,-41.0471,0.0000
27.9260,1,196.1995,0.0000,-196.1995,392.3988
27.9560,0,47.5386,-23.9784,-41.0482,0.0000
27.9560,1,196.1995,0.0000,-196.1995,392.3988
27.9900,0,47.5430,-23.9850,-41.0494,0.0000
27.9900,1,196.1995,0.0000,-196.1995,392.3988
28.0200,0,47.5469,-23.9909,-41.0505,0.0000
28.0200,1,196.1995,0.0000,-196.1995,392.3987
28.0560,0,47.5516,-23.9980,-41.0518,0.0000
28.0560,1,196.1995,0.0000,-196.1995,392.3988
28.0900,0,47.5560,-24.0046,-41.0531,0.0000
28.0900,1,196.1995,0.0000,-196.1995,392.3988
28.1200,0,47.5597,-24.0101,-41.0541,0.0000
28.1200,1,196.1995,0.0000,-196.1995,392.3988
28.1560,0,47.5639,-24.0164,-41.0553,0.0000
28.1560,1,196.1995,0.0000,-196.1995,392.3988
28.1880,0,47.5676,-24.0220,-41.0563,0.0000
28.1880,1,196.1996,0.0000,-196.1996,392.3988
28.2200,0,47.5713,-24.0275,-41.0574,0.0000
28.2200,1,196.1995,0.0000,-196.1995,392.3988
28.2540,0,47.5752,-24.0334,-41.0585,0.0000
28.2540,1,196.1995,0.0000,-196.1995,392.3988
28.2860,0,47.5789,-24.0390,-41.0595,0.0000
28.2860,1,196.1995,0.0000,-196.1995,392.3988
28.3200,0,47.5829,-24.0449,-41.0606,0.0000
28.3200,1,196.1995,0.0000,-196.1995,392.3988
28.3560,0,47.5870,-24.0511,-41.0618,0.0000
28.3560,1,196.1995,0.0000,-196.1995,392.3988
28.3900,0,47.5910,-24.0571,-41.0629,0.0000
28.3900,1,196.1995,0.0000,-196.1995,392.3988
28.4220,0,47.5947,-24.0626,-41.0639,0.0000
28.4220,1,196.1995,0.0000,-196.1995,392.3988
28.4560,0,47.5986,-24.0685,-41.0650,0.0000
28.4560,1,196.1995,0.0000,-196.1995,392.3988
28.4900,0,47.6026,-24.0745,-41.0661,0.0000
28.4900,1,196.1995,0.0000,-196.1995,392.3988
28.5220,0,47.6063,-24.0800,-41.0672,0.0000
28.5220,1,196.1995,0.0000,-196.1995,392.3988
28.5560,0,47.6102,-24.0859,-41.0683,0.0000
28.5560,1,196.1995,0.0000,-196.1995,392.3988
28.5880,0,47.6140,-24.0915,-41.0693,0.0000
28.5880,1,196.1995,0.0000,-196.1995,392.3988
28.6220,0,47.6179,-24.0974,-41.0704,0.0000
28.6220,1,196.1995,0.0000,-196.1995,392.3988
28.6560,0,47.6219,-24.1033,-41.0715,0.0000
28.6560,1,196.1995,0.0000,-196.1995,392.3988
28.6900,0,47.6258,-24.1093,-41.0726,0.0000
28.6900,1,196.1995,0.0000,-196.1995,392.3988
28.7240,0,47.6298,-24.1152,-41.0737,0.0000
28.7240,1,196.1995,0.0000,-196.1995,392.3988
28.7560,0,47.6335,-24.1207,-41.0748,0.0000
28.7560,1,196.1995,0.0000,-196.1995,392.3988
28.7920,0,47.6377,-24.1270,-41.0759,0.0000
28.7920,1,196.1996,0.0000,-196.1996,392.3988
28.8200,0,47.6409,-24.1319,-41.0769,0.0000
28.8200,1,196.1995,0.0000,-196.1995,392.3988
28.8540,0,47.6449,-24.1378,-41.0780,0.0000
28.8540,1,196.1995,0.0000,-196.1995,392.3988
28.8900,0,47.6490,-24.1441,-41.0791,0.0000
28.8900,1,196.1995,0.0000,-196.1995,392.3988
28.9200,0,47.6525,-24.1493,-41.0801,0.0000
28.9200,1,196.1996,0.0000,-196.1996,392.3989
28.9560,0,47.6567,-24.1555,-41.0813,0.0000
28.9560,1,196.1995,0.0000,-196.1995,392.3988
28.9900,0,47.6607,-24.1615,-41.0824,0.0000
28.9900,1,196.1996,0.0000,-196.1996,392.3988
29.0200,0,47.6641,-24.1667,-41.0834,0.0000
29.0200,1,196.1995,0.0000,-196.1995,392.3988
29.0520,0,47.6679,-24.1722,-41.0844,0.0000
29.0520,1,196.1995,0.0000,-196.1995,392.3988
29.0860,0,47.6718,-24.1782,-41.0855,0.0000
29.0860,1,196.1995,0.0000,-196.1995,392.3988
29.1240,0,47.6762,-24.1848,-41.0867,0.0000
29.1240,1,196.1996,0.0000,-196.1996,392.3989
29.1540,0,47.6797,-24.1900,-41.0877,0.0000
29.1540,1,196.1996,0.0000,-196.1996,392.3989
29.1920,0,47.6841,-24.1966,-41.0890,0.0000
29.1920,1,196.1995,0.0000,-196.1995,392.3988
29.2240,0,47.6879,-24.2022,-41.0900,0.0000
29.2240,1,196.1995,0.0000,-196.1995,392.3988
29.2560,0,47.6916,-24.2077,-41.0910,0.0000
29.2560,1,196.1995,0.0000,-196.1995,392.3988
29.2900,0,47.6955,-24.2136,-41.0921,0.0000
29.2900,1,196.1995,0.0000,-196.1995,392.3988
29.3200,0,47.6990,-24.2188,-41.0931,0.0000
29.3200,1,196.1995,0.0000,-196.1995,392.3988
29.3540,0,47.7030,-24.2248,-41.0942,0.0000
29.3540,1,196.1995,0.0000,-196.1995,392.3988
29.3860,0,47.7067,-24.2303,-41.0952,0.0000
29.3860,1,196.1996,0.0000,-196.1996,392.3988
29.4200,0,47.7106,-24.2362,-41.0963,0.0000
29.4200,1,196.1995,0.0000,-196.1995,392.3987
29.4560,0,47.7148,-24.2425,-41.0975,0.0000
29.4560,1,196.1995,0.0000,-196.1995,392.3988
29.4860,0,47.7183,-24.2477,-41.0985,0.0000
29.4860,1,196.1995,0.0000,-196.1995,392.3988
29.5200,0,47.7223,-24.2536,-41.0996,0.0000
29.5200,1,196.1995,0.0000,-196.1995,392.3988
29.5560,0,47.7265,-24.2599,-41.1007,0.0000
29.5560,1,196.1995,0.0000,-196.1995,392.3988
29.5900,0,47.7304,-24.2658,-41.1018,0.0000
29.5900,1,196.1995,0.0000,-196.1995,392.3988
29.6200,0,47.7339,-24.2710,-41.1028,0.0000
29.6200,1,196.1995,0.0000,-196.1995,392.3988
29.6560,0,47.7381,-24.2773,-41.1040,0.0000
29.6560,1,196.1995,0.0000,-196.1995,392.3988
29.6920,0,47.7423,-24.2836,-41.1052,0.0000
29.6920,1,196.1995,0.0000,-196.1995,392.3988
29.7200,0,47.7456,-24.2884,-41.1061,0.0000
29.7200,1,196.1995,0.0000,-196.1995,392.3988
29.7540,0,47.7495,-24.2943,-41.1072,0.0000
29.7540,1,196.1995,0.0000,-196.1995,392.3988
29.7880,0,47.7535,-24.3003,-41.1083,0.0000
29.7880,1,196.1995,0.0000,-196.1995,392.3988
29.8240,0,47.7577,-24.3065,-41.1095,0.0000
29.8240,1,196.1995,0.0000,-196.1995,392.3988
29.8540,0,47.7612,-24.3118,-41.1104,0.0000
29.8540,1,196.1995,0.0000,-196.1995,392.3988
29.8880,0,47.7652,-24.3177,-41.1115,0.0000
29.8880,1,196.1995,0.0000,-196.1995,392.3988
29.9200,0,47.7689,-24.3233,-41.1126,0.0000
29.9200,1,196.1995,0.0000,-196.1995,392.3988
29.9520,0,47.7726,-24.3288,-41.1136,0.0000
29.9520,1,196.1995,0.0000,-196.1995,392.3988
29.9880,0,47.7768,-24.3351,-41.1148,0.0000
29.9880,1,196.1996,0.0000,-196.1996,392.3988
30.0200,0,47.7805,-24.3407,-41.1158,0.0000
30.0200,1,196.1996,0.0000,-196.1996,392.3988
30.0200,0,47.7805,-24.3407,-41.1158,0.0000
30.0200,1,196.1996,0.0000,-196.1996,392.3988
30.0300,0,47.7817,-24.3424,-41.1161,0.0000
30.0300,1,196.1995,0.0000,-196.1995,392.3988
30.0600,0,47.7852,-24.3476,-41.1171,0.0000
30.0600,1,196.1995,0.0000,-196.1995,392.3988
30.0920,0,47.7889,-24.3532,-41.1182,0.0000
30.0920,1,196.1995,0.0000,-196.1995,392.3988
30.1260,0,47.7929,-24.3591,-41.1193,0.0000
30.1260,1,196.1995,0.0000,-196.1995,392.3988
30.1600,0,47.7969,-24.3650,-41.1204,0.0000
30.1600,1,196.1995,0.0000,-196.1995,392.3988
30.1920,0,47.8006,-24.3706,-41.1214,0.0000
30.1920,1,196.1995,0.0000,-196.1995,392.3988
30.2260,0,47.8046,-24.3765,-41.1225,0.0000
30.2260,1,196.1995,0.0000,-196.1995,392.3988
30.2600,0,47.8085,-24.3825,-41.1236,0.0000
30.2600,1,196.1995,0.0000,-196.1995,392.3988
30.2960,0,47.8127,-24.3887,-41.1248,0.0000
30.2960,1,196.1996,0.0000,-196.1996,392.3988
30.3280,0,47.8165,-24.3942,-41.1258,0.0000
30.3280,1,196.1995,0.0000,-196.1995,392.3988
30.3620,0,47.8205,-24.4002,-41.1270,0.0000
30.3620,1,196.1995,0.0000,-196.1995,392.3988
30.3940,0,47.8242,-24.4058,-41.1280,0.0000
30.3940,1,196.1995,0.0000,-196.1995,392.3988
30.4260,0,47.8279,-24.4113,-41.1290,0.0000
30.4260,1,196.1996,0.0000,-196.1996,392.3988
30.4600,0,47.8319,-24.4172,-41.1301,0.0000
30.4600,1,196.1995,0.0000,-196.1995,392.3988
30.4920,0,47.8356,-24.4228,-41.1312,0.0000
30.4920,1,196.1996,0.0000,-196.1996,392.3988
30.5300,0,47.8401,-24.4294,-41.1324,0.0000
30.5300,1,196.1996,0.0000,-196.1996,392.3988
30.5620,0,47.8438,-24.4350,-41.1334,0.0000
30.5620,1,196.1996,0.0000,-196.1996,392.3989
30.5960,0,47.8478,-24.4409,-41.1346,0.0000
30.5960,1,196.1995,0.0000,-196.1995,392.3988
30.6260,0,47.8513,-24.4462,-41.1355,0.0000
30.6260,1,196.1995,0.0000,-196.1995,392.3988
30.6600,0,47.8553,-24.4521,-41.1366,0.0000
30.6600,1,196.1995,0.0000,-196.1995,392.3988
30.6920,0,47.8590,-24.4576,-41.1377,0.0000
30.6920,1,196.1995,0.0000,-196.1995,392.3988
30.7260,0,47.8630,-24.4636,-41.1388,0.0000
30.7260,1,196.1995,0.0000,-196.1995,392.3988
30.7580,0,47.8667,-24.4691,-41.1398,0.0000
30.7580,1,196.1996,0.0000,-196.1996,392.3988
30.7920,0,47.8707,-24.4750,-41.1409,0.0000
30.7920,1,196.1995,0.0000,-196.1995,392.3988
30.8260,0,47.8747,-24.4809,-41.1420,0.0000
30.8260,1,196.1995,0.0000,-196.1995,392.3988
30.8600,0,47.8787,-24.4869,-41.1432,0.0000
30.8600,1,196.1995,0.0000,-196.1995,392.3988
30.8920,0,47.8824,-24.4925,-41.1442,0.0000
30.8920,1,196.1995,0.0000,-196.1995,392.3988
30.9260,0,47.8864,-24.4984,-41.1453,0.0000
30.9260,1,196.1995,0.0000,-196.1995,392.3988
30.9580,0,47.8901,-24.5039,-41.1463,0.0000
30.9580,1,196.1995,0.0000,-196.1995,392.3988
30.9920,0,47.8941,-24.5099,-41.1474,0.0000
30.9920,1,196.1995,0.0000,-196.1995,392.3988
31.0280,0,47.8983,-24.5161,-41.1486,0.0000
31.0280,1,196.1995,0.0000,-196.1995,392.3988
31.0600,0,47.9020,-24.5217,-41.1496,0.0000
31.0600,1,196.1995,0.0000,-196.1995,392.3988
31.0920,0,47.9058,-24.5273,-41.1507,0.0000
31.0920,1,196.1996,0.0000,-196.1996,392.3988
31.1260,0,47.9098,-24.5332,-41.1518,0.0000
31.1260,1,196.1995,0.0000,-196.1995,392.3988
31.1580,0,47.9135,-24.5388,-41.1528,0.0000
31.1580,1,196.1995,0.0000,-196.1995,392.3988
31.1920,0,47.9175,-24.5447,-41.1539,0.0000
31.1920,1,196.1995,0.0000,-196.1995,392.3988
31.2260,0,47.9215,-24.5506,-41.1550,0.0000
31.2260,1,196.1995,0.0000,-196.1995,392.3988
31.2600,0,47.9255,-24.5565,-41.1562,0.0000
31.2600,1,196.1995,0.0000,-196.1995,392.3988
31.2920,0,47.9292,-24.5621,-41.1572,0.0000
31.2920,1,196.1995,0.0000,-196.1995,392.3988
31.3280,0,47.9335,-24.5684,-41.1584,0.0000
31.3280,1,196.1995,0.0000,-196.1995,392.3988
31.3620,0,47.9374,-24.5743,-41.1595,0.0000
31.3620,1,196.1995,0.0000,-196.1995,392.3988
31.3960,0,47.9414,-24.5802,-41.1606,0.0000
31.3960,1,196.1995,0.0000,-196.1995,392.3988
31.4260,0,47.9449,-24.5854,-41.1615,0.0000
31.4260,1,196.1995,0.0000,-196.1995,392.3988
31.4620,0,47.9492,-24.5917,-41.1627,0.0000
31.4620,1,196.1995,0.0000,-196.1995,392.3988
31.4940,0,47.9529,-24.5973,-41.1638,0.0000
31.4940,1,196.1996,0.0000,-196.1996,392.3988
31.5280,0,47.9569,-24.6032,-41.1649,0.0000
31.5280,1,196.1996,0.0000,-196.1996,392.3989
31.5640,0,47.9611,-24.6095,-41.1660,0.0000
31.5640,1,196.1995,0.0000,-196.1995,392.3988
31.5920,0,47.9644,-24.6144,-41.1670,0.0000
31.5920,1,196.1995,0.0000,-196.1995,392.3988
31.6280,0,47.9686,-24.6206,-41.1681,0.0000
31.6280,1,196.1995,0.0000,-196.1995,392.3988
31.6620,0,47.9726,-24.6266,-41.1692,0.0000
31.6620,1,196.1995,0.0000,-196.1995,392.3988
31.6920,0,47.9762,-24.6318,-41.1702,0.0000
31.6920,1,196.1996,0.0000,-196.1996,392.3988
31.7240,0,47.9799,-24.6374,-41.1712,0.0000
31.7240,1,196.1989,0.0000,-196.1989,392.3974
31.7640,0,47.9846,-24.6443,-41.1725,0.0000
31.7640,1,196.1988,0.0000,-196.1988,392.3974
31.7940,0,47.9881,-24.6496,-41.1735,0.0000
31.7940,1,196.1989,0.0000,-196.1989,392.3974
31.8240,0,47.9916,-24.6548,-41.1745,0.0000
31.8240,1,196.1988,0.0000,-196.1988,392.3974
31.8620,0,47.9961,-24.6614,-41.1757,0.0000
31.8620,1,196.1989,0.0000,-196.1989,392.3974
31.8940,0,47.9999,-24.6670,-41.1768,0.0000
31.8940,1,196.1989,0.0000,-196.1989,392.3974
31.9260,0,48.0036,-24.6726,-41.1778,0.0000
31.9260,1,196.1988,0.0000,-196.1988,392.3974
31.9580,0,48.0074,-24.6781,-41.1789,0.0000
31.9580,1,196.1989,0.0000,-196.1989,392.3974
31.9940,0,48.0116,-24.6844,-41.1800,0.0000
31.9940,1,196.1988,0.0000,-196.1988,392.3974
32.0260,0,48.0154,-24.6900,-41.1811,0.0000
32.0260,1,196.1988,0.0000,-196.1988,392.3974
32.0620,0,48.0196,-24.6962,-41.1822,0.0000
32.0620,1,196.1988,0.0000,-196.1988,392.3974
32.0960,0,48.0236,-24.7021,-41.1833,0.0000
32.0960,1,196.1989,0.0000,-196.1989,392.3974
32.1240,0,48.0269,-24.7070,-41.1843,0.0000
32.1240,1,196.1988,0.0000,-196.1988,392.3974
32.1600,0,48.0311,-24.7133,-41.1854,0.0000
32.1600,1,196.1989,0.0000,-196.1989,392.3974
32.1960,0,48.0353,-24.7196,-41.1866,0.0000
32.1960,1,196.1988,0.0000,-196.1988,392.3974
32.2280,0,48.0391,-24.7252,-41.1876,0.0000
32.2280,1,196.1988,0.0000,-196.1988,392.3974
32.2580,0,48.0426,-24.7304,-41.1886,0.0000
32.2580,1,196.1989,0.0000,-196.1989,392.3974
32.2960,0,48.0471,-24.7370,-41.1899,0.0000
32.2960,1,196.1988,0.0000,-196.1988,392.3974
32.3260,0,48.0506,-24.7422,-41.1908,0.0000
32.3260,1,196.1988,0.0000,-196.1988,392.3974
32.3620,0,48.0549,-24.7485,-41.1920,0.0000
32.3620,1,196.1989,0.0000,-196.1989,392.3974
32.3920,0,48.0584,-24.7537,-41.1930,0.0000
32.3920,1,196.1989,0.0000,-196.1989,392.3974
32.4280,0,48.0626,-24.7600,-41.1941,0.0000
32.4280,1,196.1989,0.0000,-196.1989,392.3974
32.4620,0,48.0666,-24.7659,-41.1953,0.0000
32.4620,1,196.1989,0.0000,-196.1989,392.3974
32.4920,0,48.0702,-24.7712,-41.1962,0.0000
32.4920,1,196.1989,0.0000,-196.1989,392.3974
32.5240,0,48.0739,-24.7767,-41.1973,0.0000
32.5240,1,196.1988,0.0000,-196.1988,392.3974
32.5580,0,48.0779,-24.7827,-41.1984,0.0000
32.5580,1,196.1988,0.0000,-196.1988,392.3974
32.5920,0,48.0818,-24.7884,-41.1995,0.0000
32.5920,1,196.1989,0.0000,-196.1989,392.3974
32.6240,0,48.0851,-24.7932,-41.2004,0.0000
32.6240,1,196.1989,0.0000,-196.1989,392.3974
32.6580,0,48.0886,-24.7984,-41.2013,0.0000
32.6580,1,196.1989,0.0000,-196.1989,392.3974
32.6920,0,48.0918,-24.8035,-41.2020,0.0000
32.6920,1,196.1989,0.0000,-196.1989,392.3974
32.7240,0,48.0951,-24.8084,-41.2030,0.0000
32.7240,1,196.1989,0.0000,-196.1989,392.3974
32.7580,0,48.0986,-24.8135,-41.2039,0.0000
32.7580,1,196.1989,0.0000,-196.1989,392.3974
32.7900,0,48.1019,-24.8184,-41.2048,0.0000
32.7900,1,196.1989,0.0000,-196.1989,392.3974
32.8240,0,48.1054,-24.8236,-41.2058,0.0000
32.8240,1,196.1989,0.0000,-196.1989,392.3974
32.8580,0,48.1089,-24.8287,-41.2068,0.0000
32.8580,1,196.1988,0.0000,-196.1988,392.3974
32.8900,0,48.1122,-24.8336,-41.2077,0.0000
32.8900,1,196.1989,0.0000,-196.1989,392.3974
32.9240,0,48.1156,-24.8388,-41.2086,0.0000
32.9240,1,196.1988,0.0000,-196.1988,392.3974
32.9600,0,48.1194,-24.8443,-41.2097,0.0000
32.9600,1,196.1988,0.0000,-196.1988,392.3974
32.9920,0,48.1227,-24.8491,-41.2106,0.0000
32.9920,1,196.1988,0.0000,-196.1988,392.3974
33.0260,0,48.1261,-24.8543,-41.2115,0.0000
33.0260,1,196.1988,0.0000,-196.1988,392.3974
33.0580,0,48.1294,-24.8592,-41.2124,0.0000
33.0580,1,196.1988,0.0000,-196.1988,392.3974
33.0920,0,48.1330,-24.8644,-41.2134,0.0000
33.0920,1,196.1989,0.0000,-196.1989,392.3974
33.1240,0,48.1362,-24.8692,-41.2143,0.0000
33.1240,1,196.1988,0.0000,-196.1988,392.3974
33.1620,0,48.1402,-24.8750,-41.2154,0.0000
33.1620,1,196.1988,0.0000,-196.1988,392.3974
33.1920,0,48.1432,-24.8796,-41.2162,0.0000
33.1920,1,196.1989,0.0000,-196.1989,392.3974
33.2240,0,48.1466,-24.8845,-41.2172,0.0000
33.2240,1,196.1988,0.0000,-196.1988,392.3974
33.2620,0,48.1505,-24.8902,-41.2182,0.0000
33.2620,1,196.1988,0.0000,-196.1988,392.3974
33.2940,0,48.1538,-24.8951,-41.2191,0.0000
33.2940,1,196.1988,0.0000,-196.1988,392.3974
33.3280,0,48.1573,-24.9003,-41.2201,0.0000
33.3280,1,196.1988,0.0000,-196.1988,392.3974
33.3620,0,48.1608,-24.9055,-41.2211,0.0000
33.3620,1,196.1988,0.0000,-196.1988,392.3974
33.3920,0,48.1638,-24.9100,-41.2219,0.0000
33.3920,1,196.1989,0.0000,-196.1989,392.3974
33.4260,0,48.1673,-24.9152,-41.2229,0.0000
33.4260,1,196.1989,0.0000,-196.1989,392.3974
33.4620,0,48.1711,-24.9207,-41.2239,0.0000
33.4620,1,196.1988,0.0000,-196.1988,392.3974
33.4920,0,48.1742,-24.9253,-41.2248,0.0000
33.4920,1,196.1988,0.0000,-196.1988,392.3974
33.5260,0,48.1777,-24.9304,-41.2257,0.0000
33.5260,1,196.1988,0.0000,-196.1988,392.3974
33.5620,0,48.1814,-24.9359,-41.2268,0.0000
33.5620,1,196.1989,0.0000,-196.1989,392.3974
